x	y	z	val
6.000000052	0.0	0.0	60.08069229
70.69999725	-70.69999725	0.0	0.6240202188
-6.000000052	0.0	0.0	59.65165329
-70.69999725	-70.69999725	0.0	0.6236476898
70.69999725	70.69999725	0.0	0.6361075044
-70.69999725	70.69999725	0.0	0.6381107569
8.025110699	-2.2129099819999998	0.0	43.81386948
10.05022041	-4.425819963	0.0	36.10894394
12.06886023	-6.631660275000001	0.0	32.33624268
14.09397088	-8.844570257	0.0	27.20558548
16.112610699999998	-11.05041057	0.0	23.90463638
18.13772134	-13.263320550000001	0.0	23.94768333
20.15636116	-15.469160859999999	0.0	24.32423782
22.181471809999998	-17.68206991	0.0	22.21980667
24.20010976	-19.88791116	0.0	18.92765236
26.22522041	-22.10082114	0.0	18.32048798
28.243862089999997	-24.306660519999998	0.0	19.72141838
30.26897274	-26.5195705	0.0	19.42411232
32.28760883	-28.725411740000002	0.0	16.3812294
34.312721339999996	-30.938321719999998	0.0	14.30170059
36.33136302	-33.14416111	0.0	16.01782036
38.35647181	-35.357072949999996	0.0	17.92108154
40.375113490000004	-37.562910470000006	0.0	16.50355339
42.40022227	-39.77582231	0.0	12.93390179
44.418863949999995	-41.98165983	0.0	12.43981838
46.44397274	-44.19457167	0.0	15.58365345
48.46261069	-46.40041292	0.0	16.57738304
50.4877232	-48.613321039999995	0.0	13.66399288
52.50636116	-50.81916228	0.0	10.48690605
54.53147367	-53.032074120000004	0.0	12.69130707
56.55011162	-55.23791537	0.0	15.86374474
58.57522041	-57.45082349	0.0	14.69736767
60.59386209	-59.656661	0.0	9.451273918
62.61897087	-61.86957285	0.0	8.437366486
64.63761628	-64.07541037	0.0	13.79886055
66.66272133999999	-66.28832221	0.0	17.31253242
68.68135928999999	-68.49416345	0.0	17.33228493
-3.000000026	0.0	0.0	52.41687012
0.0012000001560000001	0.0	0.0	44.77643204
3.001200035	0.0	0.0	52.62291336
-68.67489219000001	-68.48709285	0.0	17.3890152
-66.65625423	-66.28125161	0.0	17.36629295
-64.63114171999999	-64.06833977	0.0	13.87584782
-62.61250377	-61.86250225	0.0	8.516950607
-60.58739498	-59.64959413	0.0	9.708096504
-58.56874958	-57.44375288	0.0	14.89307785
-56.54364452	-55.23084104	0.0	15.91330338
-54.525002840000006	-53.025003520000006	0.0	12.76838875
-52.49989033	-50.8120954	0.0	10.532094
-50.48125237	-48.60625416	0.0	13.84513569
-48.45613986	-46.39334232	0.0	16.79114151
-46.437501909999995	-44.18750107	0.0	15.7918005
-44.41239312	-41.97459295	0.0	12.59699535
-42.39375144	-39.768751710000004	0.0	12.92938137
-40.36864266	-37.55583987	0.0	16.51990128
-38.35000098	-35.34999862	0.0	18.01059341
-36.32489219	-33.1370905	0.0	16.04868507
-34.30625424	-30.93125112	0.0	14.23297691
-32.281141729999995	-28.71834114	0.0	16.2796936
-30.26250191	-26.512501760000003	0.0	19.40172005
-28.237391260000003	-24.29958992	0.0	19.66965103
-26.218751450000003	-22.09375054	0.0	18.25133705
-24.1936408	-19.880840550000002	0.0	18.89525986
-22.17500098	-17.67499931	0.0	22.17669487
-20.1498922	-15.46209026	0.0	24.34568596
-18.13125052	-13.256250880000001	0.0	23.94704247
-16.106141729999997	-11.04333997	0.0	23.48670387
-14.08750005	-8.837499656	0.0	26.33768082
-12.06239127	-6.62459014	0.0	31.16325569
-10.04375052	-4.418749828	0.0	34.85740662
-8.01863987	-2.2058403120000003	0.0	42.65621948
67.688182	-70.69999725	0.0	14.57695007
64.67636675	-70.69999725	0.0	13.43563938
61.664544049999996	-70.69999725	0.0	10.98378944
58.65272507	-70.69999725	0.0	8.246234894
55.65504357	-70.69999725	0.0	3.270684004
52.64322087	-70.69999725	0.0	2.60901165
49.6314019	-70.69999725	0.0	6.083839417
46.61958292	-70.69999725	0.0	7.068603516
43.62190142	-70.69999725	0.0	5.589884281
40.61008245	-70.69999725	0.0	2.720251322
37.598259750000004	-70.69999725	0.0	1.341222644
34.5864445	-70.69999725	0.0	2.892437458
31.588763	-70.69999725	0.0	3.060725927
28.57694216	-70.69999725	0.0	2.296457291
25.56512132	-70.69999725	0.0	2.958345652
22.55330235	-70.69999725	0.0	4.210520744
19.54147965	-70.69999725	0.0	4.208724022
16.54380187	-70.69999725	0.0	2.48141408
13.5319801	-70.69999725	0.0	0.4851318002
10.5201602	-70.69999725	0.0	2.947688103
7.508340292000001	-70.69999725	0.0	4.245630264
4.510660189999999	-70.69999725	0.0	3.67338562
1.498840051	-70.69999725	0.0	1.529537439
-1.512980089	-70.69999725	0.0	1.644338369
-4.524799995	-70.69999725	0.0	3.631517172
-7.522480562	-70.69999725	0.0	4.200476646
-10.53430047	-70.69999725	0.0	2.847601652
-13.54612038	-70.69999725	0.0	0.3808772266
-16.55794121	-70.69999725	0.0	2.551115751
-19.55562085	-70.69999725	0.0	4.181585312
-22.56744169	-70.69999725	0.0	4.247693539
-25.57926066	-70.69999725	0.0	2.995340347
-28.5910815	-70.69999725	0.0	2.352392197
-31.602900480000002	-70.69999725	0.0	3.062646151
-34.60057825	-70.69999725	0.0	2.83924818
-37.61240095	-70.69999725	0.0	1.203808784
-40.62422365	-70.69999725	0.0	2.773017168
-43.636042620000005	-70.69999725	0.0	5.692635536
-46.63372412	-70.69999725	0.0	7.078802109
-49.64553937	-70.69999725	0.0	6.016688347
-52.65736207	-70.69999725	0.0	2.529767036
-55.66918477	-70.69999725	0.0	3.377989769
-58.66686255	-70.69999725	0.0	8.30359745
-61.67868152	-70.69999725	0.0	10.98779964
-64.6905005	-70.69999725	0.0	13.40843105
-67.7023232	-70.69999725	0.0	14.54131603
8.025110699	2.2129099819999998	0.0	43.77713776
10.05022041	4.425819963	0.0	35.73146057
12.06886023	6.631660275000001	0.0	31.57607841
14.09397088	8.844570257	0.0	26.74137688
16.112610699999998	11.05041057	0.0	23.70954704
18.13772134	13.263320550000001	0.0	24.05173302
20.15636116	15.469160859999999	0.0	24.393507
22.181471809999998	17.68206991	0.0	22.29158974
24.20010976	19.88791116	0.0	19.04705429
26.22522041	22.10082114	0.0	18.32686806
28.243862089999997	24.306660519999998	0.0	19.65233612
30.26897274	26.5195705	0.0	19.36199188
32.28760883	28.725411740000002	0.0	16.31432915
34.312721339999996	30.938321719999998	0.0	14.28912544
36.33136302	33.14416111	0.0	16.02904129
38.35647181	35.357072949999996	0.0	17.97951126
40.375113490000004	37.562910470000006	0.0	16.55062866
42.40022227	39.77582231	0.0	13.04021072
44.418863949999995	41.98165983	0.0	12.66300297
46.44397274	44.19457167	0.0	15.72619438
48.46261069	46.40041292	0.0	16.72676849
50.4877232	48.613321039999995	0.0	13.85018921
52.50636116	50.81916228	0.0	10.56073856
54.53147367	53.032074120000004	0.0	12.55779934
56.55011162	55.23791537	0.0	15.46283627
58.57522041	57.45082349	0.0	14.40606022
60.59386209	59.656661	0.0	9.666872025
62.61897087	61.86957285	0.0	8.93799305
64.63761628	64.07541037	0.0	14.53803825
66.66272133999999	66.28832221	0.0	18.58774185
68.68135928999999	68.49416345	0.0	17.03337288
67.688182	70.69999725	0.0	13.6766243
64.67636675	70.69999725	0.0	12.7854681
61.664544049999996	70.69999725	0.0	11.60489464
58.65272507	70.69999725	0.0	8.414090157
55.65504357	70.69999725	0.0	3.300118446
52.64322087	70.69999725	0.0	2.643134117
49.6314019	70.69999725	0.0	6.152952671
46.61958292	70.69999725	0.0	7.209881306
43.62190142	70.69999725	0.0	5.753052711
40.61008245	70.69999725	0.0	2.723087072
37.598259750000004	70.69999725	0.0	1.322717428
34.5864445	70.69999725	0.0	3.013643503
31.588763	70.69999725	0.0	3.160246372
28.57694216	70.69999725	0.0	2.340448618
25.56512132	70.69999725	0.0	3.075279474
22.55330235	70.69999725	0.0	4.42691946
19.54147965	70.69999725	0.0	4.348062515
16.54380187	70.69999725	0.0	2.618447542
13.5319801	70.69999725	0.0	0.4336889684
10.5201602	70.69999725	0.0	2.997676134
7.508340292000001	70.69999725	0.0	4.365560055
4.510660189999999	70.69999725	0.0	3.744041443
1.498840051	70.69999725	0.0	1.65292275
-1.512980089	70.69999725	0.0	1.599221587
-4.524799995	70.69999725	0.0	3.788393974
-7.522480562	70.69999725	0.0	4.348191738
-10.53430047	70.69999725	0.0	2.989874601
-13.54612038	70.69999725	0.0	0.4267110229
-16.55794121	70.69999725	0.0	2.563449383
-19.55562085	70.69999725	0.0	4.284061432
-22.56744169	70.69999725	0.0	4.24930048
-25.57926066	70.69999725	0.0	2.974347591
-28.5910815	70.69999725	0.0	2.388747215
-31.602900480000002	70.69999725	0.0	3.164437532
-34.60057825	70.69999725	0.0	2.960015297
-37.61240095	70.69999725	0.0	1.375913501
-40.62422365	70.69999725	0.0	2.822171211
-43.636042620000005	70.69999725	0.0	5.707535744
-46.63372412	70.69999725	0.0	7.142565727
-49.64553937	70.69999725	0.0	6.060157299
-52.65736207	70.69999725	0.0	2.5139575
-55.66918477	70.69999725	0.0	3.310580492
-58.66686255	70.69999725	0.0	8.420128822
-61.67868152	70.69999725	0.0	11.56212234
-64.6905005	70.69999725	0.0	12.81097698
-67.7023232	70.69999725	0.0	13.70610142
-68.67489219000001	68.48709285	0.0	17.11367989
-66.65625423	66.28125161	0.0	18.6496048
-64.63114171999999	64.06833977	0.0	14.6046133
-62.61250377	61.86250225	0.0	8.951601982
-60.58739498	59.64959413	0.0	9.63024807
-58.56874958	57.44375288	0.0	14.54180336
-56.54364452	55.23084104	0.0	15.67671585
-54.525002840000006	53.025003520000006	0.0	12.62769508
-52.49989033	50.8120954	0.0	10.58320141
-50.48125237	48.60625416	0.0	13.77905464
-48.45613986	46.39334232	0.0	16.62434578
-46.437501909999995	44.18750107	0.0	15.5812149
-44.41239312	41.97459295	0.0	12.49452114
-42.39375144	39.768751710000004	0.0	13.11856365
-40.36864266	37.55583987	0.0	16.66503525
-38.35000098	35.34999862	0.0	17.93911552
-36.32489219	33.1370905	0.0	15.93772221
-34.30625424	30.93125112	0.0	14.2872076
-32.281141729999995	28.71834114	0.0	16.41352654
-30.26250191	26.512501760000003	0.0	19.38262939
-28.237391260000003	24.29958992	0.0	19.6254158
-26.218751450000003	22.09375054	0.0	18.35386086
-24.1936408	19.880840550000002	0.0	19.05784798
-22.17500098	17.67499931	0.0	22.31254768
-20.1498922	15.46209026	0.0	24.39309883
-18.13125052	13.256250880000001	0.0	24.07706642
-16.106141729999997	11.04333997	0.0	23.84702873
-14.08750005	8.837499656	0.0	26.91658783
-12.06239127	6.62459014	0.0	31.39882278
-10.04375052	4.418749828	0.0	34.91140747
-8.01863987	2.2058403120000003	0.0	42.68239975
4.891386256	-2.538371133	0.0	34.32347107
6.923963316	-4.913451616000001	0.0	25.26047134
9.00059659	-7.206503302	0.0	22.40844154
11.07532345	-9.450421669	0.0	19.40605164
13.13284133	-11.672911229999999	0.0	16.57796669
15.17467014	-13.88883218	0.0	15.4759388
17.20900089	-16.10258594	0.0	16.0724926
19.23870109	-18.31556857	0.0	15.54082298
21.26478776	-20.527090880000003	0.0	13.58226109
23.28933962	-22.737961260000002	0.0	12.04158878
25.3119655	-24.94805306	0.0	12.56015968
27.33221091	-27.15694346	0.0	13.22067547
29.35170755	-29.36657146	0.0	12.09425354
31.37007356	-31.57661483	0.0	9.988689423
33.38667378	-33.78694132	0.0	9.767947197
35.40406004	-35.9990038	0.0	11.34160233
37.41984069	-38.21208701	0.0	11.64317894
39.43557665	-40.42733088	0.0	9.733743668
41.45349935	-42.64504462	0.0	7.946024895
43.473310770000005	-44.864214960000005	0.0	9.19664669
45.49728334	-47.08132893	0.0	10.97682381
47.52267525	-49.29343238	0.0	10.24543953
49.54301566	-51.50574446	0.0	7.569972515
51.55964941	-53.72827873	0.0	7.070930958
53.5874702	-55.95805123	0.0	9.559322357
55.63714728	-58.15158039	0.0	10.54903793
57.65481293	-60.30442938	0.0	8.339793205
59.57823992	-62.50777096	0.0	5.232646465
61.42739579	-64.84327465	0.0	7.241217136
63.20376694	-67.4168393	0.0	11.51898384
-4.755879287	-2.5945189409999996	0.0	33.61511612
-1.5071820230000001	-2.738622017	0.0	19.19376564
1.724721049	-2.704453189	0.0	19.40602684
-63.208423550000006	-67.41186231	0.0	11.55130386
-61.427969489999995	-64.83833492000001	0.0	7.268574238
-59.57680568	-62.503598630000006	0.0	5.339387417
-57.65222013	-60.300916429999994	0.0	8.372789383
-55.63383922	-58.148622509999996	0.0	10.64545822
-53.5839051	-55.9553951	0.0	9.579982758
-51.55612156	-53.72542515	0.0	7.05522871
-49.539320169999996	-51.502950489999996	0.0	7.6241436
-47.51897603	-49.290336669999995	0.0	10.31428242
-45.49419880000001	-47.07736522	0.0	11.05949783
-43.47009584	-44.85976323	0.0	9.275771141
-41.4506942	-42.64013842	0.0	7.954147339
-39.434380829999995	-40.422305460000004	0.0	9.711985588
-37.41862252	-38.2075496	0.0	11.65452766
-35.40354967	-35.99540517	0.0	11.40273952
-33.387921750000004	-33.78541768	0.0	9.807703018
-31.371340159999995	-31.57721087	0.0	9.863099098
-29.3535497	-29.370343310000003	0.0	11.99238873
-27.33457275	-27.16499381	0.0	13.21846581
-25.31382255	-24.960244069999998	0.0	12.5626545
-23.291694000000003	-22.75674418	0.0	11.9969368
-21.268201989999998	-20.55633813	0.0	13.51876926
-19.24149692	-18.358273429999997	0.0	15.61867714
-17.209349200000002	-16.16881229	0.0	16.15895081
-15.16427752	-13.983373530000001	0.0	15.40341473
-13.09659518	-11.8004391	0.0	16.10130501
-10.99585276	-9.608853608	0.0	18.69785309
-8.862787857999999	-7.370329462	0.0	21.76820755
-6.747827399999999	-5.042379256	0.0	24.48779678
57.099781930000006	-68.04347783	0.0	4.196117401
54.16399613	-68.1072697	0.0	2.86649251
51.19848624	-68.06951016	0.0	4.344470024
48.18040878	-68.03955883	0.0	5.364229679
45.15329748	-68.05046648	0.0	4.79256773
42.13999584	-68.06460023	0.0	3.182334423
39.1292274	-68.06968898	0.0	2.101112604
36.11569479	-68.07213277	0.0	2.64933753
33.103000370000004	-68.07842851	0.0	3.143287659
30.092448	-68.08701903000001	0.0	2.809990883
27.08220854	-68.09386611	0.0	2.430890322
24.07233603	-68.09727848	0.0	2.946179152
21.062526849999998	-68.09800118000001	0.0	3.401860476
18.05384085	-68.09797137999999	0.0	3.031957865
15.045483599999999	-68.09768081	0.0	2.305290699
12.03435939	-68.09740513999999	0.0	2.567430735
9.023332037000001	-68.09680909000001	0.0	3.300823212
6.015948951	-68.09529662	0.0	3.393293619
3.007626161	-68.0937469	0.0	2.563503981
-0.0025400001960000002	-68.0912286	0.0	1.814335108
-3.014545189	-68.09010357000001	0.0	2.487689257
-6.024143659	-68.08868051	0.0	3.371447563
-9.034522809	-68.08800995	0.0	3.168426991
-12.0478319	-68.089284	0.0	2.382793188
-15.061120500000001	-68.09023023	0.0	2.272561312
-18.071280790000003	-68.09224188	0.0	2.978750706
-21.08052559	-68.09348613	0.0	3.264464855
-24.09035712	-68.09445471000001	0.0	2.788156271
-27.0995833	-68.09218228	0.0	2.384065151
-30.108960349999997	-68.08661669	0.0	2.848178864
-33.118516209999996	-68.07895005	0.0	3.195358515
-36.13024577	-68.07367504	0.0	2.669694185
-39.142817259999994	-68.0719465	0.0	1.979519963
-42.152754959999996	-68.06727499	0.0	3.227584839
-45.16533017	-68.0533126	0.0	4.836307049
-48.19173366	-68.04189086	0.0	5.328398705
-51.20919272	-68.07137281	0.0	4.297773838
-54.17403579	-68.10802966	0.0	2.872648954
-57.10908026	-68.04296374	0.0	4.253256798
-60.09251997	-67.83419102	0.0	6.911221981
60.084663330000005	-67.83656776	0.0	6.872770309
5.853252951	-7.7536222519999995	0.0	12.22021675
8.017228915999999	-10.05437225	0.0	10.65392876
10.12945455	-12.2936694	0.0	8.94760704
12.20248919	-14.51293658	0.0	7.79220438
14.2526282	-16.73068292	0.0	7.777518272
16.29089192	-18.947677690000003	0.0	8.133675575
18.324887380000003	-21.16290294	0.0	7.554055691
20.35409585	-23.37606624	0.0	6.484420776
22.37789147	-25.585955010000003	0.0	6.053343296
24.39928986	-27.795735750000002	0.0	6.559288979
26.41752362	-30.00510484	0.0	6.535169601
28.43154036	-32.2137624	0.0	5.73476696
30.44496477	-34.4251506	0.0	4.865215778
32.4569121	-36.63829714	0.0	5.252718449
34.46670994	-38.85331005	0.0	5.850389957
36.47786006	-41.0721153	0.0	5.405650139
38.48698735	-43.295826760000004	0.0	4.265968323
40.49985111	-45.52597925	0.0	4.109885693
42.52361879	-47.75756598	0.0	5.019882679
44.556297359999995	-49.97885227	0.0	5.36988163
46.58724368	-52.18277872	0.0	4.398920536
48.59442636	-54.397434000000004	0.0	3.161640167
50.59400573	-56.65738881	0.0	3.913921595
52.65104771	-58.949068190000006	0.0	5.225533485
54.804440590000006	-61.01487949	0.0	5.234986305
56.74545467	-63.04353476000001	0.0	3.989899635
58.42652172	-65.31509756999999	0.0	3.245670795
3.704562085	-5.3150840100000005	0.0	14.10958958
-3.286762163	-5.5165174420000005	0.0	13.73474026
0.2894790086	-5.610326305	0.0	13.65003204
55.601917209999996	-65.60248882	0.0	3.389464617
-56.74713477	-63.042283059999995	0.0	3.92632103
-54.80453372	-61.01541966	0.0	5.169895649
-52.65076086	-58.9494817	0.0	5.216991901
-50.59337988	-56.658525020000006	0.0	3.844786406
-48.59353602	-54.39900234	0.0	3.099357128
-46.5862453	-52.18406022	0.0	4.350993156
-44.55592111	-49.97837171	0.0	5.380726337
-42.52338409	-47.75608331	0.0	5.042899609
-40.50217569	-45.52298039	0.0	3.99709487
-38.48912939	-43.29266772	0.0	4.224515438
-36.48133203	-41.06926546	0.0	5.389338017
-34.473866220000005	-38.85231167	0.0	5.79241848
-32.464902849999994	-36.639951169999996	0.0	5.217428207
-30.45540862	-34.43147615	0.0	4.858714581
-28.443805870000002	-32.22644702	0.0	5.71273756
-26.429140940000003	-30.02402186	0.0	6.577612877
-24.41102266	-27.82323025	0.0	6.652948856
-22.39079773	-25.625607000000002	0.0	6.061218262
-20.3667637	-23.42807688	0.0	6.362670422
-18.340779469999998	-21.23892121	0.0	7.413990021
-16.308696939999997	-19.060127440000002	0.0	8.049184799
-14.26158287	-16.89226739	0.0	7.818867207
-12.1841561	-14.74683266	0.0	7.698659897
-10.04634798	-12.60216907	0.0	8.590789795
-7.815229705999999	-10.42881794	0.0	10.30030823
-5.478360225	-8.122168481	0.0	11.75544357
52.78430134	-65.53140283	0.0	4.065831661
49.789547920000004	-65.34100324	0.0	4.361390114
46.694431449999996	-65.37327915	0.0	3.874180555
43.66389662	-65.42588024999999	0.0	2.853238106
40.66127539	-65.4425025	0.0	2.398336411
37.65006363	-65.43948501000001	0.0	2.795253515
34.62735936	-65.4457584	0.0	3.187283754
31.60758317	-65.46529382	0.0	3.126229525
28.59674022	-65.48414379	0.0	2.700223207
25.59024096	-65.49433619	0.0	2.449745893
22.58248068	-65.49668312	0.0	2.609834671
19.57270876	-65.49575180000001	0.0	2.660535097
16.56065136	-65.49534202	0.0	2.611514807
13.54826428	-65.49535691999999	0.0	2.617483139
10.537651369999999	-65.49440324	0.0	2.823075294
7.528769318	-65.49184024	0.0	2.839812994
4.518771544	-65.48862903999999	0.0	2.623609781
1.50909205	-65.48383832	0.0	2.39256978
-1.503269072	-65.47968834999999	0.0	2.253647089
-4.51627234	-65.47557563000001	0.0	2.553312302
-7.531236392	-65.4752627	0.0	2.807253361
-10.54714713	-65.47482312	0.0	2.611662626
-13.56416941	-65.47600776	0.0	2.582693815
-16.580211000000002	-65.47976285	0.0	2.530660391
-19.59395036	-65.48474729	0.0	2.603778839
-22.60491252	-65.48837572000001	0.0	2.447468758
-25.61143599	-65.48967212	0.0	2.435476542
-28.61639671	-65.4817	0.0	2.750706911
-31.625419859999997	-65.46524167	0.0	3.070655584
-34.6432589	-65.44782221000001	0.0	3.107108831
-37.664007399999996	-65.44280797	0.0	2.702583313
-40.67336395	-65.44744223	0.0	2.360451937
-43.67443547	-65.43083489	0.0	2.917042971
-46.703688799999995	-65.37801772	0.0	3.827997208
-49.797583370000005	-65.34444540999999	0.0	4.293891907
-52.79100686	-65.53413719	0.0	4.050645351
-58.430448170000005	-65.31316787	0.0	3.314445972
-55.60762435	-65.60274959	0.0	3.362878084
7.118440699000001	-12.93149125	0.0	8.917547226
9.226688184	-15.14011342	0.0	7.238087654
11.28907688	-17.3566211	0.0	6.811035156
13.33862171	-19.57727037	0.0	7.003229141
15.38125239	-21.79692686	0.0	7.008724213
17.41527952	-24.01174232	0.0	6.057132721
19.444638859999998	-26.22403204	0.0	5.227472782
21.46801911	-28.43388729	0.0	5.47450304
23.48438092	-30.64047731	0.0	5.958575726
25.49773082	-32.8492038	0.0	5.543767929
27.507327500000002	-35.059880469999996	0.0	4.605844975
29.51210923	-37.272218609999996	0.0	4.34937191
31.519327309999998	-39.4895412	0.0	4.854574203
33.52234885	-41.70867801	0.0	4.939165115
35.52312404	-43.9337939	0.0	4.217619896
37.526015189999995	-46.170569959999995	0.0	3.534304142
39.535161110000004	-48.42253774	0.0	4.01531744
41.57058895	-50.67680404	0.0	4.58125639
43.63636672	-52.88222805	0.0	4.271019459
45.66752538	-55.04419655	0.0	3.16036129
47.61332273	-57.26725608	0.0	2.771763563
49.551196399999995	-59.647917750000005	0.0	4.098139763
51.73425749	-62.36772239	0.0	4.886079788
2.535870299	-8.321037515999999	0.0	11.23850155
-1.435690094	-9.048027918	0.0	10.5697279
-51.73777044	-62.37090006	0.0	4.853600979
-49.553770570000005	-59.65206772	0.0	4.067725658
-47.615338120000004	-57.27247521	0.0	2.740548611
-45.669436450000006	-55.04849181	0.0	3.103225946
-43.63837838	-52.885632959999995	0.0	4.251005173
-41.57452658	-50.67767948	0.0	4.579702377
-39.53958675	-48.421930520000004	0.0	3.916005373
-37.53198683	-46.1688973	0.0	3.461943388
-35.53402051	-43.932136150000005	0.0	4.16516304
-33.53454545	-41.70851782	0.0	4.90461874
-31.534902750000004	-39.492663	0.0	4.726293564
-29.53382023	-37.28236631	0.0	4.259571075
-27.5307931	-35.077508540000004	0.0	4.690821648
-25.52300692	-32.87805617	0.0	5.601426601
-23.5107895	-30.68292886	0.0	5.889072418
-21.49203606	-28.4888763	0.0	5.468461037
-19.469514489999998	-26.29642375	0.0	5.246304035
-17.445480449999998	-24.11052957	0.0	5.922889709
-15.417144630000001	-21.930255	0.0	6.841160297
-13.38303741	-19.7740756	0.0	6.979346275
-11.32742409	-17.64834113	0.0	6.851164818
-9.213417768	-15.55615757	0.0	7.003762722
-6.981097627	-13.502133079999998	0.0	8.383023262
-4.516544285999999	-11.407342739999999	0.0	9.74861145
4.901824985	-10.701425369999999	0.0	10.42638206
45.14991492	-62.778547409999994	0.0	2.99602294
42.18242317	-62.84616143	0.0	2.398631811
39.20134157	-62.81387805999999	0.0	2.829009771
36.1661166	-62.7931729	0.0	3.313913345
33.12203661	-62.826529150000006	0.0	3.357635021
30.104009429999998	-62.869362530000004	0.0	2.931138277
27.1037966	-62.894687059999995	0.0	2.373676538
24.10395257	-62.89920211	0.0	2.256227732
21.0960824	-62.89451569	0.0	2.442709446
18.08072068	-62.89203465	0.0	2.552977085
15.06657712	-62.89219111	0.0	2.445413589
12.053714130000001	-62.89260089	0.0	2.487912893
9.042365476	-62.89078295	0.0	2.561191797
6.034546066	-62.885113059999995	0.0	2.479184389
3.0235000889999997	-62.87836283000001	0.0	2.174448729
0.01326700112	-62.868587670000004	0.0	2.030706644
-3.003331134	-62.862731520000004	0.0	2.044106722
-6.021094043	-62.856979669999994	0.0	2.479376554
-9.041620417999999	-62.854729590000005	0.0	2.459793091
-12.06342503	-62.859110529999995	0.0	2.402550459
-15.085320920000001	-62.862858179999996	0.0	2.429630041
-18.10579374	-62.87038326	0.0	2.456062078
-21.12293802	-62.878534200000004	0.0	2.386429787
-24.13022704	-62.88947910000001	0.0	2.173825026
-27.12770738	-62.88886815	0.0	2.339210749
-30.125083399999998	-62.867403030000006	0.0	2.813937426
-33.14014897	-62.8272295	0.0	3.214596748
-36.18127853	-62.796719370000005	0.0	3.188501596
-39.21366483	-62.81945109000001	0.0	2.697355986
-42.19217971	-62.85282969	0.0	2.394633532
-45.15787214	-62.78450042	0.0	2.974909544
-48.23542759	-62.60421127	0.0	3.984382153
54.32911962	-63.50922585	0.0	4.560826302
-54.33261767	-63.510715960000006	0.0	4.517622948
48.229426149999995	-62.59855628	0.0	4.009499073
1.715763006	-11.51279826	0.0	9.277758598
8.332901634	-17.975864929999997	0.0	5.86217165
10.38087346	-20.20276524	0.0	6.018585205
12.429863209999999	-22.42921852	0.0	6.111718655
14.47544526	-24.648441000000002	0.0	5.586239815
16.51125588	-26.86204948	0.0	4.66312933
18.53621565	-29.069619250000002	0.0	4.427816868
20.55564709	-31.27647564	0.0	4.939459324
22.56814763	-33.48246589	0.0	5.1525774
24.5716814	-35.688232629999995	0.0	4.400659561
26.57252364	-37.90106252	0.0	3.599074125
28.571650390000002	-40.119227020000004	0.0	3.734083176
30.56972288	-42.33945534	0.0	4.093717575
32.56902471	-44.56187785	0.0	3.968982697
34.55653042	-46.793237330000004	0.0	3.267741442
36.53872013	-49.05273765	0.0	3.063002825
38.544297220000004	-51.35357752	0.0	3.706103325
40.62370956	-53.67260054	0.0	3.853008986
42.80602559	-55.74824661	0.0	3.147344828
44.7704643	-57.78726935	0.0	2.341416836
46.492516990000006	-60.07239223	0.0	2.792913437
4.137417767	-13.63602839	0.0	8.128450394
-1.350569073	-12.82392908	0.0	8.686018944
-44.775061310000005	-57.79419094	0.0	2.312291145
-42.8105481	-55.75518683	0.0	3.099106312
-40.6299457	-53.67584527	0.0	3.76157093
-38.55125979	-51.354873930000004	0.0	3.57326746
-36.55106947	-49.05181378	0.0	3.06068325
-34.57035869	-46.79195955	0.0	3.198886395
-32.58689493	-44.56143454	0.0	3.856715679
-30.59628978	-42.34305024	0.0	4.032969475
-28.603717680000003	-40.12867436	0.0	3.626282215
-26.612026619999998	-37.92195022	0.0	3.64555192
-24.61675368	-35.72465107	0.0	4.488828182
-22.6122532	-33.53513777	0.0	5.050759792
-20.59737034	-31.3481912	0.0	4.886210442
-18.57716963	-29.16296385	0.0	4.363755703
-16.551023349999998	-26.97394788	0.0	4.495572567
-14.52779491	-24.795344099999998	0.0	5.462098122
-12.506337839999999	-22.633716460000002	0.0	6.086060524
-10.482771320000001	-20.49705386	0.0	6.014428616
-8.444670588000001	-18.42787303	0.0	5.797368526
-6.314541213	-16.45593159	0.0	6.348409653
-3.9899721739999996	-14.581173660000001	0.0	7.326140881
40.78621045	-60.27499959	0.0	2.601212502
37.76263818	-60.088071969999994	0.0	3.205630064
34.636124970000004	-60.14391407	0.0	3.163296938
31.59088641	-60.239829119999996	0.0	2.789597988
28.602087870000002	-60.304384680000005	0.0	2.212182999
25.62584728	-60.31568348	0.0	1.900216699
22.628644480000002	-60.29759347	0.0	2.028896332
19.610416139999998	-60.285136099999995	0.0	2.303080559
16.586812209999998	-60.28658897	0.0	2.260912418
13.56935501	-60.29119715	0.0	2.062424183
10.55999845	-60.29113755	0.0	2.030413389
7.554125041000001	-60.2847375	0.0	1.947538733
4.544681404	-60.274574910000005	0.0	1.787294984
1.534924144	-60.26032567	0.0	1.621501088
-1.4812770530000001	-60.246579350000005	0.0	1.5129807
-4.502131138	-60.23392081	0.0	1.776175976
-7.529237308	-60.23094803	0.0	1.906556487
-10.55759005	-60.23120135	0.0	1.902713895
-13.58634327	-60.23576111	0.0	2.057362556
-16.61468856	-60.24424732	0.0	2.184782743
-19.642408940000003	-60.25687978	0.0	2.216573
-22.66147733	-60.27820706	0.0	2.047024488
-25.65510757	-60.30498445	0.0	1.829390883
-28.62736955	-60.29846892	0.0	2.113126993
-31.612128019999997	-60.23831293	0.0	2.740188122
-34.65407342	-60.14578789	0.0	3.184300423
-37.77559847	-60.09325385	0.0	3.112209797
-40.79585895	-60.281772169999996	0.0	2.544811726
6.278423127	-15.777805820000001	0.0	6.76541853
-46.49764672	-60.078494250000006	0.0	2.793777943
43.62964258	-60.34524366	0.0	2.23636508
-43.63669455	-60.353014619999996	0.0	2.200530529
42.33729094	-58.24968964	0.0	2.448819876
9.470376186	-23.06216024	0.0	5.508426189
11.53222565	-25.2875071	0.0	5.310413837
13.575819319999999	-27.49995328	0.0	4.501063347
15.60785156	-29.70814705	0.0	3.984587193
17.629884179999998	-31.913165	0.0	4.339562416
19.641513	-34.11281109	0.0	4.59360981
21.645313129999998	-36.31454706	0.0	4.420336246
23.639215160000003	-38.522180170000006	0.0	3.68135643
25.625262409999998	-40.73916003	0.0	3.091447353
27.61912532	-42.96756536	0.0	3.528617144
29.6168644	-45.189753169999996	0.0	3.766233683
31.60636127	-47.40292951	0.0	3.433966398
33.567227419999995	-49.636378879999995	0.0	2.82204771
35.501960659999995	-51.93857104	0.0	2.887857199
37.47751564	-54.36423421	0.0	3.373333216
1.3033330909999998	-14.52077646	0.0	7.871709347
5.394384264999999	-18.57391186	0.0	5.452201366
-39.72038254	-57.11001158	0.0	3.142634392
-37.489321079999996	-54.366141559999996	0.0	3.271406412
-35.51675007	-51.93829536	0.0	2.837979078
-33.58407319	-49.63476956	0.0	2.741522551
-31.63231909	-47.40165547	0.0	3.280103445
-29.64951284	-45.19004747	0.0	3.634288788
-27.66221762	-42.973410339999994	0.0	3.414236069
-25.68301186	-40.75841233	0.0	3.183220148
-23.706890639999997	-38.557872180000004	0.0	3.60947299
-21.71757258	-36.37608886	0.0	4.336284637
-19.71329749	-34.202635289999996	0.0	4.594347954
-17.69102924	-32.0267044	0.0	4.070448399
-15.662211919999999	-29.843663799999998	0.0	3.749515057
-13.63696717	-27.66055986	0.0	4.353917599
-11.61612663	-25.47935955	0.0	5.123390675
-9.611330926	-23.325042800000002	0.0	5.550104618
-7.63776619	-21.216684949999998	0.0	5.368237972
-5.7035954669999995	-19.21471022	0.0	5.391831875
-3.572433256	-17.47790538	0.0	5.98987484
36.1517407	-57.34496936	0.0	3.186471462
33.02570432	-57.563625280000004	0.0	2.652808905
30.052144079999998	-57.727959010000006	0.0	2.042070627
27.13447064	-57.77759105	0.0	1.784335852
24.181155490000002	-57.720605279999994	0.0	2.02629447
21.15800977	-57.6691851	0.0	2.300565958
18.112638970000003	-57.670943439999995	0.0	2.329354286
15.0871817	-57.68616125	0.0	2.066431761
12.07685564	-57.694427669999996	0.0	1.909439564
9.072151966	-57.690620419999995	0.0	1.8466717
6.070971489	-57.67622963	0.0	1.727617502
3.062504111	-57.65713379	0.0	1.746348143
0.05201400199	-57.63211101	0.0	1.651181817
-2.972712275	-57.61155486	0.0	1.636214495
-6.005027331000001	-57.59464204	0.0	1.776809335
-9.043996222	-57.59075284	0.0	1.719547033
-12.08133902	-57.603616269999996	0.0	1.847482324
-15.11575002	-57.61355162	0.0	2.055401802
-18.15341413	-57.62189627	0.0	2.240112305
-21.20006084	-57.6371327	0.0	2.288821459
-24.21825565	-57.702768590000005	0.0	1.982923388
-27.165342120000002	-57.767178859999994	0.0	1.736123919
-30.07742949	-57.723250240000006	0.0	2.062849998
-33.046059310000004	-57.56269768	0.0	2.655475855
-36.167670040000004	-57.34732375	0.0	3.143188
-1.236487995	-15.873214229999999	0.0	7.153128624
3.45661235	-16.415258870000002	0.0	6.428219795
39.711199699999995	-57.103827599999995	0.0	3.202995777
7.4103199879999995	-20.818715920000002	0.0	5.208496571
-42.34417528	-58.256901799999994	0.0	2.452288151
10.64497512	-28.14498544	0.0	4.170962811
12.68298086	-30.34861945	0.0	3.604608297
14.705010690000002	-32.54977614	0.0	3.737088203
16.72166213	-34.74874794	0.0	4.248928547
18.72852072	-36.9415693	0.0	4.245115757
20.71646042	-39.1333513	0.0	3.713952541
22.68911526	-41.343994439999996	0.0	2.964769602
24.659980089999998	-43.580550699999996	0.0	2.935342789
26.65196359	-45.82875594	0.0	3.416772366
28.67519669	-48.035699869999995	0.0	3.462232351
30.654232949999997	-50.200942899999994	0.0	3.002065659
32.52893314	-52.42798105	0.0	2.54489255
34.34586152	-54.794766010000004	0.0	2.736912966
-32.55160898	-52.42550373	0.0	2.442338228
-30.682563780000002	-50.19751936	0.0	2.869954586
-28.71199138	-48.03133756	0.0	3.392891407
-26.70645341	-45.828513799999996	0.0	3.354878187
-24.73346144	-43.58807951	0.0	2.962312698
-22.78371528	-41.372284289999996	0.0	2.923110723
-20.82832716	-39.19341788	0.0	3.510034561
-18.841424959999998	-37.040837110000005	0.0	4.10906601
-16.82048477	-34.888703379999995	0.0	4.012435913
-14.78428859	-32.72064775	0.0	3.562264919
-12.744238600000001	-30.530737709999997	0.0	3.567326069
-10.72028652	-28.340309859999998	0.0	4.125614166
-8.709429763	-26.160009210000002	0.0	4.789078236
-6.721894257000001	-23.98379892	0.0	5.095276833
-4.860266577	-21.84401825	0.0	4.993932247
-3.35939927	-19.92851682	0.0	5.275578499
31.376492229999997	-55.123653260000005	0.0	2.216779947
28.5721086	-55.34928665	0.0	2.063360691
25.7694982	-55.24349958	0.0	2.344004393
22.77042344	-55.01600727	0.0	2.78036952
19.65002343	-55.022824560000004	0.0	2.749848843
16.59416594	-55.0712347	0.0	2.482247353
13.5833919	-55.10217696	0.0	2.157784224
10.59142221	-55.10446802	0.0	2.164978743
7.600111421	-55.087231100000004	0.0	2.146256447
4.599287175000001	-55.0612025	0.0	2.194159985
1.594061148	-55.027425290000004	0.0	2.298661232
-1.425245078	-54.98971418	0.0	2.168797016
-4.461493343000001	-54.95175347	0.0	2.220203638
-7.517047226	-54.93626744	0.0	2.156440973
-10.57368983	-54.94758114	0.0	1.995117664
-13.615506700000001	-54.97333407	0.0	2.128806829
-16.6487135	-54.98393998	0.0	2.415424824
-19.707627589999998	-54.971180860000004	0.0	2.703007221
-22.821361200000002	-54.9858883	0.0	2.678139448
-25.80877207	-55.22881448	0.0	2.33635807
-28.60316634	-55.34046888	0.0	2.068364382
-31.401008369999996	-55.12000248	0.0	2.195269346
-34.36390683	-54.794561120000004	0.0	2.694293261
8.580773138	-25.936869899999998	0.0	4.808563709
-0.7630490581999999	-19.02720518	0.0	5.470839977
6.481450517	-23.69916812	0.0	4.95164156
4.402169492	-21.39625885	0.0	4.868179798
1.04620005	-16.98246598	0.0	6.482321739
2.484029159	-19.06420663	0.0	5.281303883
11.78536378	-33.18896517	0.0	3.291004181
13.80235795	-35.39103642	0.0	3.679028034
15.817807989999999	-37.577878680000005	0.0	3.954020977
17.817894000000003	-39.749078450000006	0.0	3.580062628
19.77922581	-41.92879796	0.0	2.822872877
21.708060059999998	-44.153478	0.0	2.648807287
23.65540899	-46.44266888	0.0	3.064916372
25.6838426	-48.75861108	0.0	3.408470631
27.81640552	-50.835359839999995	0.0	3.095188618
-27.85698324	-50.82851276	0.0	3.09789443
-25.74132197	-48.74667153	0.0	3.367419481
-23.73863198	-46.43399268	0.0	3.029751778
-21.82554267	-44.16170344	0.0	2.508990526
-19.93300952	-41.96597263	0.0	2.691086769
-17.99220033	-39.84287754	0.0	3.521938801
-15.986790880000001	-37.73961216	0.0	3.874686003
-13.92748114	-35.60773283	0.0	3.714203358
-11.860750620000001	-33.42678025	0.0	3.282376289
-9.820603766	-31.218573449999997	0.0	3.401115179
-7.803346496	-29.00973149	0.0	4.059038162
-5.78251807	-26.821639389999998	0.0	4.492294312
-3.734169295	-24.577207859999998	0.0	4.602403641
-1.932277111	-22.08128013	0.0	4.77934885
-29.755543919999997	-52.86412686	0.0	2.454518318
7.728040684	-28.80481258	0.0	4.114889622
27.32347697	-53.280688819999995	0.0	2.653969288
24.740729480000002	-52.112415430000006	0.0	3.202046394
21.19706385	-52.28002742	0.0	3.191914558
18.070852379999998	-52.42631957	0.0	2.933511257
15.06721787	-52.515257150000004	0.0	2.551222563
12.09994685	-52.53656954	0.0	2.443543673
9.126015007000001	-52.51344666	0.0	2.550962687
6.140712183	-52.47756839	0.0	2.568372965
3.142831149	-52.43666098	0.0	2.787703991
0.1393830025	-52.38308758	0.0	2.646588087
-2.890620148	-52.32135952	0.0	2.574803114
-5.957807414	-52.25661397	0.0	2.662735701
-9.057731367999999	-52.24631727	0.0	2.397984743
-12.128888629999999	-52.318461240000005	0.0	2.355096817
-15.14483336	-52.37274244	0.0	2.533762932
-18.15671846	-52.344992760000004	0.0	2.801075935
-21.272514020000003	-52.235327659999996	0.0	3.092773199
-24.79288727	-52.09339038	0.0	3.096210241
-27.360957120000002	-53.26986313	0.0	2.647140503
9.767165408	-30.990717930000002	0.0	3.476540089
29.7253225	-52.86958069	0.0	2.514415026
1.242723083	-21.85896412	0.0	4.682741642
3.3836320509999998	-24.36766773	0.0	4.645226479
5.617415998	-26.623366400000002	0.0	4.536454201
12.89958321	-38.239736109999996	0.0	3.643979788
14.93662223	-40.3976813	0.0	3.438097715
16.92482829	-42.50926152	0.0	2.914543152
18.810974429999998	-44.67215762	0.0	2.540922642
20.65365203	-46.95132002	0.0	2.810174704
22.55921438	-49.37396199	0.0	3.284932613
-22.644421089999998	-49.34444651	0.0	3.204679728
-20.780827849999998	-46.9241105	0.0	2.723060846
-18.9946238	-44.66654733	0.0	2.358177423
-17.172604800000002	-42.55783185	0.0	2.77784729
-15.21388441	-40.54754227	0.0	3.438009024
-13.12628482	-38.509957490000005	0.0	3.641688347
-10.999289339999999	-36.36475652	0.0	3.352424622
-8.904335089	-34.12940353	0.0	3.183431625
-6.889924407	-31.875520939999998	0.0	3.51130724
-4.91636293	-29.67627905	0.0	3.96246624
-2.8193912	-27.54383348	0.0	4.209597588
-0.17973000649999998	-25.215094909999998	0.0	4.390758514
16.47791453	-49.93793741	0.0	2.640929937
13.57693598	-50.01504347	0.0	2.401820898
10.65964252	-49.96705055	0.0	2.57493186
7.6858005490000005	-49.90409315	0.0	2.636916161
4.69799526	-49.86129701	0.0	2.758892059
1.708226046	-49.80108887	0.0	2.845300674
-1.292709028	-49.72269759	0.0	2.57437849
-4.332053475	-49.604855480000005	0.0	2.738399506
-7.4852742249999995	-49.4627282	0.0	2.619932652
-10.68313513	-49.55236241	0.0	2.420473337
-13.71160802	-49.778483810000004	0.0	2.573920488
-16.61788858	-49.81423169	0.0	2.567935944
10.87784488	-36.03075072	0.0	3.540624857
19.44901608	-49.720168109999996	0.0	2.982714176
6.880654022	-31.6339694	0.0	3.519547224
4.860168323	-29.50003743	0.0	4.069372177
8.875166065999998	-33.82086381	0.0	3.316254377
-19.563628360000003	-49.659777430000005	0.0	2.850809574
14.14546743	-43.166778980000004	0.0	2.882036209
16.05921984	-45.14320567	0.0	2.488715172
2.659186022	-27.43265405	0.0	4.294924259
14.96652421	-47.60126024	0.0	2.414619923
12.00917363	-41.147030889999996	0.0	3.301446915
-16.34546928	-45.09983584	0.0	2.381031275
-14.56122566	-43.216794730000004	0.0	2.819779396
-12.456462720000001	-41.41574353	0.0	3.176125765
-10.20281576	-39.38188031	0.0	3.285532713
-7.975937799	-37.13601455	0.0	3.226884127
-5.900125485	-34.77644548	0.0	3.355050564
-4.000415094	-32.45749697	0.0	3.462977886
-2.189838095	-30.34803644	0.0	3.723250151
-0.05184400288	-28.61943655	0.0	4.054556847
17.736252399999998	-47.33990878	0.0	2.553893089
-17.91633107	-47.27422446	0.0	2.389297962
12.2017609	-47.523085030000004	0.0	2.461700916
9.267469868000001	-47.306887810000006	0.0	2.590364933
6.238357164	-47.29485884	0.0	2.527120352
3.27173504	-47.253590079999995	0.0	2.653294563
0.29732202529999996	-47.14674875	0.0	2.451954365
-2.669336274	-47.06992209	0.0	2.323354959
-5.693031009	-46.79308832	0.0	2.555370092
-9.227511473	-46.210546050000005	0.0	2.499904156
-12.49228325	-47.15172946	0.0	2.424593925
-15.208811500000001	-47.44761065	0.0	2.360854149
9.951923974	-38.89219463	0.0	3.44762969
7.9508563500000005	-36.64848581	0.0	3.310117722
4.068947863	-32.25975484	0.0	3.417405128
5.982917268	-34.428823740000006	0.0	3.237686157
11.15405094	-44.45455596	0.0	2.81218648
-12.05799077	-44.31308061	0.0	2.669389963
-9.586503729	-42.53315181	0.0	2.906542778
-7.0918225679999995	-40.33546895	0.0	3.067416191
-4.771695472	-37.84133866	0.0	3.143312931
-2.852627076	-35.23077816	0.0	3.242053747
-1.254740055	-32.86162764	0.0	3.616099358
2.179440111	-30.25191836	0.0	3.87010026
7.733562496	-44.647522269999996	0.0	2.599521875
4.7917072659999995	-44.78731006	0.0	2.465921402
1.9111810249999999	-44.62680966	0.0	2.393617153
-1.132566016	-44.39261183	0.0	2.188113451
-3.898581257	-44.68131438	0.0	2.339443207
-6.531869993	-43.659470979999995	0.0	2.65062809
13.7028601	-45.577362179999994	0.0	2.517155886
-14.12726194	-45.44755816	0.0	2.482189417
0.01705599971	-30.96737526	0.0	3.905870676
3.102166113	-34.97292474	0.0	3.370990992
7.000596262999999	-39.48038071	0.0	3.068621397
8.975287899	-41.80340841	0.0	3.091494799
1.391486148	-32.78049827	0.0	3.645612955
5.016673355999999	-37.237886339999996	0.0	3.107721329
-3.4415090920000004	-41.49003699	0.0	2.552137136
-1.348566147	-38.16026077	0.0	2.920988798
6.028940435	-42.2320962	0.0	2.729756594
3.527344204	-42.60614887	0.0	2.663677454
0.8306570234999999	-41.31372645	0.0	2.651479483
0.1705629984	-35.302426669999996	0.0	3.376269341
1.9741980360000002	-37.8273055	0.0	3.223953724
4.083249252	-40.07404298	0.0	2.893661976
-4.785739350999999	2.610275056	0.0	33.68528748
-1.5467770859999999	2.76503223	0.0	19.15766716
1.686769072	2.735567279	0.0	19.37168694
4.8669641839999995	2.562910086	0.0	34.22958755
6.886116229	4.962430336	0.0	25.18936348
8.96344427	7.276328281	0.0	22.18821716
11.04902569	9.534221143	0.0	19.21686935
13.120677319999999	11.76041923	0.0	16.32260513
15.17730579	13.96979112	0.0	15.49886894
17.21995138	16.17245749	0.0	16.17015076
19.252402710000002	18.37378554	0.0	15.67971992
21.27943002	20.57475969	0.0	13.63925362
23.30316789	22.776456550000002	0.0	12.07583714
25.32541938	24.97895248	0.0	12.57554913
27.34632604	27.181403709999998	0.0	13.18709946
29.36691977	29.38446403	0.0	11.9855957
31.38643503	31.58773854	0.0	9.916768074
33.404134209999995	33.79160911	0.0	9.859352112
35.419803110000004	35.99698097	0.0	11.39892101
37.433054299999995	38.20494562	0.0	11.66610336
39.44438696	40.41711614	0.0	9.769257545
41.456025090000004	42.63452068	0.0	8.017062187
43.46971959	44.85553503	0.0	9.261855125
45.48785463	47.07657918	0.0	11.01026726
47.504555429999996	49.29502308	0.0	10.29839039
49.51315001	51.518037920000005	0.0	7.655942917
51.51288211	53.763471540000005	0.0	6.994459152
53.521599619999996	56.050572540000005	0.0	9.340785027
55.58970198	58.36897343	0.0	10.30881977
57.765718549999995	60.48261747	0.0	8.203211784
59.786427769999996	62.541395429999994	0.0	5.348826885
61.61842495	64.86354768	0.0	7.872951031
63.69034946	67.60267168	0.0	12.51868916
57.20583722	67.95153022	0.0	4.261333466
54.19986323	67.94464588	0.0	2.988660097
51.1626415	67.94284284	0.0	4.432366848
48.124171790000005	67.98224896	0.0	5.419194221
45.10975629	68.02538037	0.0	4.885643005
42.10929573	68.05196404	0.0	3.216323614
39.106838409999995	68.0616945	0.0	1.987970233
36.09669581	68.06609780000001	0.0	2.759278774
33.08378905	68.07371974	0.0	3.316222429
30.07234819	68.08499246999999	0.0	2.856811285
27.06173621	68.09568404999999	0.0	2.394849539
24.05337058	68.10279935999999	0.0	2.864954948
21.04637958	68.1052506	0.0	3.367562532
18.04140583	68.10494512	0.0	3.046249628
15.035183170000002	68.10288131	0.0	2.285535812
12.02540938	68.09962541	0.0	2.426727057
9.014594369	68.09714437	0.0	3.248778105
6.005894393	68.09528172	0.0	3.444393396
2.997224219	68.09419394000001	0.0	2.514126539
-0.01394400078	68.09288263	0.0	1.790948987
-3.024016041	68.09301674	0.0	2.593317032
-6.030551158	68.09320301000001	0.0	3.45358634
-9.036605245999999	68.09183955	0.0	3.341643095
-12.043499390000001	68.09075177	0.0	2.568539143
-15.05041122	68.0866316	0.0	2.323470354
-18.0545859	68.08146834	0.0	3.080598354
-21.059414370000002	68.07430834	0.0	3.423496008
-24.06757139	68.06392968	0.0	2.963798523
-27.07751282	68.05282831	0.0	2.475093365
-30.08871526	68.03976743999999	0.0	2.877882719
-33.09956193	68.02388281	0.0	3.220836878
-36.11351177	68.00968945	0.0	2.701670647
-39.13093358	67.99856573	0.0	2.13057518
-42.14590788	67.98932701	0.0	3.23153019
-45.15586793	67.97664612999999	0.0	4.849248886
-48.17092419	67.95275956	0.0	5.397181988
-51.201835270000004	67.92794913	0.0	4.376088619
-54.22794819	67.93753058	0.0	2.948110104
-57.22526088	67.94713438	0.0	4.251019001
-60.26814133	67.84810126	0.0	7.0416646
-63.69506568	67.6003322	0.0	12.55971718
-59.79512259	62.534898520000006	0.0	5.341412067
-57.78043717	60.4784824	0.0	8.3138237
-55.62084168	58.36332217	0.0	10.41234112
-53.570348769999995	56.05534092	0.0	9.497120857
-51.568295809999995	53.79062518	0.0	7.099690437
-49.55741018	51.57005787	0.0	7.6159482
-47.529585659999995	49.35704172	0.0	10.25745583
-45.50266638	47.13134468	0.0	10.98866749
-43.48538071	44.90112886	0.0	9.238290787
-41.47265851	42.67779738	0.0	8.028086662
-39.45780918	40.462169800000005	0.0	9.826716423
-37.43808344	38.24970870999999	0.0	11.68209934
-35.414956509999996	36.03727743	0.0	11.34595013
-33.391278240000005	33.82333741	0.0	9.783708572
-31.368341299999997	31.608816239999996	0.0	10.01118279
-29.34670448	29.39321846	0.0	12.09333515
-27.32476592	27.18037181	0.0	13.17446136
-25.304052979999998	24.9670092	0.0	12.52715778
-23.28412794	22.75570109	0.0	12.0695076
-21.26570232	20.54687962	0.0	13.63436794
-19.248224790000002	18.34180206	0.0	15.58974457
-17.228953540000003	16.145531090000002	0.0	16.08716202
-15.20144008	13.96000292	0.0	15.42620182
-13.15160654	11.78317051	0.0	16.40628624
-11.06212847	9.602291509999999	0.0	19.13700676
-8.928864263	7.3819402610000004	0.0	21.77684402
-6.799039431000001	5.0603454	0.0	24.49733734
66.27617776	68.75502318	0.0	16.26209831
60.254972429999995	67.851834	0.0	7.189311028
-66.27978384	68.7526688	0.0	16.32673836
-61.623543500000004	64.85709548	0.0	7.764591694
-3.376757028	5.565731321	0.0	13.69606209
58.678064500000005	65.26830047	0.0	3.307962656
10.091581380000001	12.47601956	0.0	8.808288574
7.9427845779999995	10.22107061	0.0	10.52431297
5.766245071	7.877678609999999	0.0	12.03142738
12.19946425	14.68877215	0.0	7.752969265
14.27136827	16.88523777	0.0	7.827055454
16.32130519	19.07622628	0.0	8.02913475
18.356263639999998	21.26770839	0.0	7.369029045
20.383426919999998	23.46174046	0.0	6.369320393
22.40622602	25.656111539999998	0.0	6.072111607
24.42777902	27.85214782	0.0	6.640162468
26.448071	30.04850075	0.0	6.60204649
28.46561559	32.244723289999996	0.0	5.743754387
30.48160672	34.441877160000004	0.0	4.917955875
32.493535429999994	36.6403535	0.0	5.289832592
34.500125800000006	38.84260356	0.0	5.797149181
36.50168329	41.052069509999995	0.0	5.416447639
38.49922493	43.27167198	0.0	4.259199142
40.50097987	45.50392926	0.0	4.010384083
42.51053184	47.74181917	0.0	5.03746748
44.53001544	49.971982839999995	0.0	5.363545418
46.54374719	52.189707760000005	0.0	4.376925945
48.52237925	54.4260107	0.0	3.105833054
50.4755713	56.73363432	0.0	3.777994156
52.45797336	59.17829275	0.0	5.097072124
54.6775274	61.96841225	0.0	4.913891315
57.3294051	63.10048698999999	0.0	3.606457233
52.75039747	65.11735171	0.0	4.243579388
-58.69455636	65.2615279	0.0	3.376914263
55.78556657	65.25753438	0.0	3.451318026
46.58562317	65.31940401	0.0	3.826554537
43.59449074	65.39924443000001	0.0	2.903363466
40.61259329	65.42629004	0.0	2.370672703
37.61082515	65.42596221	0.0	2.723268509
34.590378400000006	65.43397158	0.0	3.187656164
31.56813234	65.45703112999999	0.0	3.123379469
28.55362557	65.48232585	0.0	2.751647711
25.54779314	65.50177932	0.0	2.454199791
22.54556306	65.51129371	0.0	2.480849743
19.543189560000002	65.51242620000001	0.0	2.63929677
16.538864	65.50756097	0.0	2.543296576
13.53071164	65.50175697	0.0	2.602712154
10.5198184	65.49597532	0.0	2.636384487
7.508034818	65.48967957	0.0	2.827646017
4.496050067	65.48645347	0.0	2.568199635
1.48413307	65.48500806	0.0	2.244676828
-1.526867156	65.48508257	0.0	2.362171173
-4.536469932999999	65.48403949	0.0	2.636607409
-7.542187348	65.48463553	0.0	2.858965397
-10.54656785	65.48239291	0.0	2.826719999
-13.54927756	65.47793001000001	0.0	2.611350775
-16.55105874	65.46965241	0.0	2.66163516
-19.55327578	65.45499712	0.0	2.705664158
-22.557405749999997	65.43834507	0.0	2.629403591
-25.56431852	65.4180795	0.0	2.466175795
-28.57322246	65.39133191	0.0	2.73716855
-31.586192550000003	65.36255032000001	0.0	3.174427509
-34.605335440000005	65.33091515	0.0	3.232058048
-37.63151169	65.30067325	0.0	2.822483778
-40.6578742	65.28510153	0.0	2.413538694
-43.67109388	65.27595966999999	0.0	2.876378298
-46.67710885	65.2404204	0.0	3.896341562
-49.71064627	65.16562402	0.0	4.396575928
-52.80381814	65.10227919	0.0	4.269352436
-55.81578985	65.24930894	0.0	3.569253683
-54.723326119999996	61.95988879	0.0	4.935756683
-57.35162646	63.09399009	0.0	3.80039382
-50.60356483	56.761369110000004	0.0	3.937129021
-48.64985868	54.51710522	0.0	3.164329529
-46.61767185	52.33431607	0.0	4.317196846
-44.56342757	50.10837317	0.0	5.3436203
-42.541641739999996	47.84438387	0.0	5.047450542
-40.54316878	45.59305683	0.0	4.158437729
-38.54303807	43.36715862	0.0	4.285615444
-36.529254169999994	41.156083349999996	0.0	5.386771202
-34.50517729	38.94344717	0.0	5.846302509
-32.478865240000005	36.72398254	0.0	5.302045822
-30.453844	34.50334445	0.0	4.873432159
-28.430785980000003	32.28354082	0.0	5.730015755
-26.40918829	30.06421402	0.0	6.534248352
-24.38756265	27.84816734	0.0	6.547589779
-22.36857079	25.63157119	0.0	6.038139343
-20.352810620000003	23.41726236	0.0	6.432732582
-18.340345470000003	21.210584790000002	0.0	7.508009434
-16.330229120000002	19.016006960000002	0.0	8.13377285
-14.31447174	16.83928259	0.0	7.795505524
-12.27768138	14.69123084	0.0	7.782531261
-10.18202584	12.568784879999999	0.0	8.775511742
-7.9692322760000005	10.43305174	0.0	10.28764534
-5.612260196	8.16518534	0.0	11.60742283
3.631929168	5.3877905010000005	0.0	14.1243906
0.19348300699999998	5.6793931870000005	0.0	13.79786777
49.63162541	65.20311534000001	0.0	4.337260723
-52.546519790000005	59.1744557	0.0	5.186663628
-1.646416029	9.167514741000002	0.0	10.61261082
7.024940569	13.223534449999999	0.0	8.508090019
9.203556925	15.43349307	0.0	7.085469246
4.7526480630000005	10.93972754	0.0	10.02649021
13.391260990000001	19.7900068	0.0	6.993075371
15.43464977	21.970087659999997	0.0	6.888715267
17.46544614	24.15388823	0.0	5.949032784
19.490187990000003	26.34131163	0.0	5.26484108
21.512269970000002	28.53031643	0.0	5.459356308
23.531537500000002	30.7193175	0.0	5.881630421
25.550296529999997	32.90887177	0.0	5.615576744
27.56614052	35.098217430000005	0.0	4.717373371
29.57600728	37.28835657	0.0	4.286363602
31.57965466	39.48067129	0.0	4.746658325
33.57286379	41.67932644	0.0	4.910648823
35.55623069	43.89294237	0.0	4.184368134
37.5360474	46.129003170000004	0.0	3.494974852
39.52474892	48.38805646	0.0	3.926036596
41.54421762	50.65466464	0.0	4.582543373
43.58959571	52.8748706	0.0	4.279770851
45.59437186	55.052254350000005	0.0	3.129513741
47.49385267	57.29357898	0.0	2.720286608
49.32559282	59.68756974	0.0	3.979063988
51.14236847	62.28899956	0.0	4.784610748
-45.789647849999994	55.2854836	0.0	3.065194845
11.320037769999999	17.61430688	0.0	6.885187149
39.14438561	62.794826920000006	0.0	2.739409924
45.03338411	62.74998188	0.0	2.934707403
36.1149013	62.77284770999999	0.0	3.238076448
33.065084369999994	62.806025149999996	0.0	3.26527524
30.03842384	62.856532630000004	0.0	2.808674812
27.033297349999998	62.89780885	0.0	2.346581697
24.03854206	62.918417160000004	0.0	2.198791027
21.04424313	62.92282045	0.0	2.432192802
18.04441586	62.91674077999999	0.0	2.477047205
15.03826119	62.906607990000005	0.0	2.430027246
12.027839199999999	62.894150610000004	0.0	2.425736666
9.013641626	62.88493424999999	0.0	2.491964102
5.998170935	62.87826598	0.0	2.509196758
2.9820732309999998	62.871851029999995	0.0	2.057251692
-0.03246699998	62.871158120000004	0.0	2.013698578
-3.0439840630000004	62.87288666	0.0	2.171270847
-6.051242352	62.87541986	0.0	2.494747162
-9.055667557	62.873721120000006	0.0	2.573479891
-12.05410529	62.87200749000001	0.0	2.487301826
-15.05192369	62.86069006	0.0	2.457475185
-18.04883778	62.84452975	0.0	2.585398197
-21.048258989999997	62.82165647	0.0	2.454374075
-24.05067533	62.79041618	0.0	2.265457869
-27.05648914	62.7572909	0.0	2.374684095
-30.065862459999998	62.71734834000001	0.0	2.934008598
-33.082291479999995	62.664739790000006	0.0	3.378016233
-36.115672440000004	62.60950863000001	0.0	3.334719181
-39.16651756	62.56814300999999	0.0	2.838848114
-42.20282659	62.5744164	0.0	2.384295702
-45.18758506	62.58500367	0.0	2.985751867
-48.16136509	62.48849258	0.0	3.998240709
-51.243364809999996	62.26466224	0.0	4.849963188
42.106006289999996	62.82552332000001	0.0	2.401926994
-43.62159595	53.16940323	0.0	4.171691895
-47.76608199	57.34932795	0.0	2.844844818
-41.56447947	50.82449317	0.0	4.575098991
-39.58721459	48.51096123000001	0.0	4.044677258
-37.62260824	46.26151919	0.0	3.555402994
-35.62967852	44.05599087	0.0	4.22351265
-33.60234946	41.8577455	0.0	4.969836712
-31.565658750000004	39.64136913	0.0	4.862391949
-29.53642979	37.410493939999995	0.0	4.32522583
-27.513621370000003	35.17953306	0.0	4.55962038
-25.490783150000002	32.957464460000004	0.0	5.506088257
-23.470019920000002	30.73298931	0.0	5.933786869
-21.44871652	28.512919319999998	0.0	5.453430653
-19.43166181	26.29355714	0.0	5.214856148
-17.42273197	24.0763668	0.0	6.062029362
-15.421965160000001	21.870056169999998	0.0	6.99358654
-13.42744194	19.688101489999998	0.0	7.070200443
-11.42963395	17.54480973	0.0	6.910708904
-9.397057816	15.45762829	0.0	6.976785183
-7.241139188	13.449494730000001	0.0	8.320636749
-4.788484424	11.458603669999999	0.0	9.636820793
2.380947117	8.474433795	0.0	11.26604652
-49.49796572	59.67311934	0.0	4.095789909
48.01470041	62.554001809999995	0.0	3.930451393
-42.6995717	56.69784546	0.0	2.838928223
6.20777905	16.22769982	0.0	6.465565681
3.924416378	14.05466348	0.0	7.814125061
14.55268823	24.852937089999998	0.0	5.489860535
12.521357279999998	22.6794295	0.0	6.122065067
18.59910786	29.21491489	0.0	4.35074234
20.62132023	31.39847517	0.0	4.894900322
22.640092300000003	33.5810259	0.0	5.036826611
24.65544082	35.76234356	0.0	4.481604576
26.66798048	37.94311732	0.0	3.713600636
28.67227234	40.12373835	0.0	3.69829917
30.663596469999998	42.307078839999996	0.0	4.080819607
32.63619542	44.5003733	0.0	3.904251337
34.589748830000005	46.72315717	0.0	3.258835077
36.53771058	48.99022728	0.0	3.081779957
38.51743042	51.30888522	0.0	3.578004599
40.57749361	53.64568904	0.0	3.806413412
42.74047539	55.73994666	0.0	3.140729666
44.67562586	57.78722838	0.0	2.31555748
46.35100439	60.06810069	0.0	2.740222216
-40.49948975	53.895108400000005	0.0	3.837946653
43.534703549999996	60.33059582	0.0	2.209293127
37.70114109	60.061022640000004	0.0	3.162363291
28.49922329	60.28651819	0.0	2.110256672
25.518992920000002	60.33302099	0.0	1.874775767
22.54133672	60.343619440000005	0.0	2.088370562
19.55316961	60.33095717	0.0	2.273394346
16.55146293	60.313358900000004	0.0	2.189894915
13.54053058	60.29561162	0.0	2.065299034
10.52403077	60.27999148	0.0	1.924232364
7.504738401999999	60.26452407	0.0	1.91724658
4.483431112	60.25653332	0.0	1.788423538
1.4630550290000002	60.25363505	0.0	1.538224459
-1.555544091	60.252014550000005	0.0	1.61802268
-4.56719147	60.257703070000005	0.0	1.795516372
-7.5712474059999995	60.26367098	0.0	1.957428098
-10.56865696	60.2641888	0.0	2.036113262
-13.55951	60.25837362	0.0	2.069112778
-16.5486522	60.24167687	0.0	2.280485392
-19.54060048	60.210678730000005	0.0	2.32811594
-22.5375928	60.17396599	0.0	2.04287076
-25.5397968	60.13304368	0.0	1.881311059
-28.5424944	60.08441374	0.0	2.178839922
-31.54856712	60.025326910000004	0.0	2.742212772
-34.57093239	59.9418804	0.0	3.176621675
-37.63497248	59.83942747	0.0	3.218244314
-40.75961933000001	59.77844074	0.0	2.673945427
-43.77991334	59.948395940000005	0.0	2.217471361
-46.631321310000004	59.991966930000004	0.0	2.831269503
34.57089886	60.108844190000006	0.0	3.212639809
40.71614891	60.25518477	0.0	2.60017252
-38.56112063	51.42913759	0.0	3.720214128
1.447434071	11.7911566	0.0	9.12471199
-36.67951748	49.11564291	0.0	3.129665136
-34.75154936	46.923410149999995	0.0	3.244690895
-32.723460349999996	44.77944598	0.0	3.943602324
-30.657622959999998	42.580202220000004	0.0	4.138310432
-28.613671659999998	40.33365101	0.0	3.781840801
-26.58956312	38.08940202	0.0	3.580718756
-24.57126789	35.8553566	0.0	4.336405754
-22.549750279999998	33.629320560000004	0.0	5.094535351
-20.52435465	31.406663360000003	0.0	4.926035881
-18.504606560000003	29.175931589999998	0.0	4.384762287
-16.49228856	26.94734931	0.0	4.607948303
-14.495166020000001	24.72432517	0.0	5.537565708
-12.51674071	22.51730487	0.0	6.112272263
-10.55515464	20.34641989	0.0	6.101232529
-8.607203141000001	18.24385487	0.0	5.825218678
-6.665748544	16.26239903	0.0	6.473115444
-4.46239626	14.53913096	0.0	7.611974239
31.50813282	60.205407439999995	0.0	2.732971191
-1.754382043	13.026901520000001	0.0	8.497518539
16.576729710000002	27.03240141	0.0	4.50846386
10.470195669999999	20.51897347	0.0	6.027313709
8.378143422	18.37217249	0.0	5.820314884
-45.32573	57.85191804	0.0	2.337922096
-35.63129157	51.8999584	0.0	2.933175087
19.73166689	34.26165506	0.0	4.622858047
17.7133251	32.08355978	0.0	4.095368385
23.768961429999997	38.6066772	0.0	3.592264414
25.77435039	40.77806696	0.0	3.167744398
27.77228504	42.94517264	0.0	3.444260597
29.7489278	45.106396079999996	0.0	3.690145016
31.68312833	47.28768766	0.0	3.361645222
33.57933089	49.52989519	0.0	2.806424618
35.47513857	51.86055601	0.0	2.857844591
37.429895249999994	54.31361496	0.0	3.281707764
39.64975476	57.07840249	0.0	3.188497543
36.09099612	57.29854852	0.0	3.170731544
-39.166714999999996	56.95614219	0.0	3.28351903
-33.90803933	49.6667102	0.0	2.820679188
-37.38345206	54.32928354	0.0	3.369439363
21.06549777	57.76090547	0.0	2.305010796
26.97110549	57.761937380000006	0.0	1.793062449
18.07197556	57.728230950000004	0.0	2.269449949
15.0628984	57.697053999999994	0.0	2.051935434
12.04358321	57.67195672	0.0	1.874488473
9.018639103	57.65110254	0.0	1.736724615
5.990430247	57.63623491	0.0	1.785547972
2.961062128	57.62385204	0.0	1.657054186
-0.06618499901	57.62408301	0.0	1.669606328
-3.086677287	57.63259903	0.0	1.778670669
-6.098392420000001	57.64228851	0.0	1.771829247
-9.093919769	57.65601993000001	0.0	1.865332961
-12.080780229999998	57.65610933	0.0	1.911518931
-15.05854167	57.644478979999995	0.0	2.081108093
-18.036672850000002	57.61446059	0.0	2.364173651
-21.02323622	57.56763369	0.0	2.337844133
-24.02153239	57.51094222	0.0	2.074763775
-27.024928480000003	57.46182054	0.0	1.806209803
-30.01887351	57.41208792	0.0	2.020173311
-33.005852250000004	57.32298642	0.0	2.646250963
-36.02848575	57.170376180000005	0.0	3.181993484
24.02961813	57.78404325	0.0	2.030591965
21.75292559	36.4359729	0.0	4.33612442
11.648521760000001	25.55328608	0.0	5.035500526
0.8658330189000001	15.03743045	0.0	7.391532898
-29.76056002	45.59944198	0.0	3.7532444
-27.67186612	43.294720350000006	0.0	3.540997028
-25.653680790000003	41.002459820000006	0.0	3.028588295
-23.64812233	38.75498846	0.0	3.593184948
-21.632399409999998	36.52945906	0.0	4.384701252
-19.60181259	34.31108221	0.0	4.622024059
-17.571162429999998	32.07815811	0.0	4.303358555
-15.54809324	29.83696014	0.0	3.938012123
-13.54636159	27.58753672	0.0	4.400403976
-11.57016587	25.347108019999997	0.0	5.246347904
-9.630329907	23.13102782	0.0	5.501193523
-7.730697747	20.96488886	0.0	5.307658672
-5.8741699899999995	18.88854057	0.0	5.508056164
-4.348715767000001	17.0128718	0.0	6.484523773
-31.94156662	47.66174778	0.0	3.371122122
3.237240249	17.109513279999998	0.0	6.294790745
42.25966334	58.23597685	0.0	2.514214754
9.628432803	23.39219488	0.0	5.378749371
15.691900629999997	29.90568243	0.0	3.766825438
32.94109553	57.50057846	0.0	2.645385265
29.92514148	57.66356736	0.0	2.025098562
-1.991091063	16.14236645	0.0	6.807305813
13.669051229999999	27.72867866	0.0	4.302855492
5.464980379	19.17830296	0.0	5.383625507
24.88720417	43.606031689999995	0.0	2.983968735
22.88934402	41.437804699999994	0.0	2.903679848
28.847308830000003	47.8509441	0.0	3.45613122
30.69790639	50.01462996	0.0	2.945635796
32.48618543	52.29664221	0.0	2.488424778
34.28344801	54.71454561	0.0	2.705646753
16.59631357	55.10429665	0.0	2.426225424
-32.83569962	52.23302171	0.0	2.569977045
7.5828074480000005	21.26506902	0.0	5.273483276
0.3106150252	18.10874604	0.0	5.829742908
13.57346214	55.068839340000004	0.0	2.125655651
19.61121522	55.14749885	0.0	2.713898897
10.54356247	55.03613502	0.0	1.984990954
7.50855729	55.00592664	0.0	2.153097153
4.468073137	54.98928204	0.0	2.220739841
1.4273000420000002	54.98313531	0.0	2.184304953
-1.610264066	54.985903199999996	0.0	2.325934887
-4.633808509	55.00874296	0.0	2.243138552
-7.637863513	55.035207420000006	0.0	2.208478212
-10.61936468	55.05565926	0.0	2.198331118
-13.58451229	55.05834892	0.0	2.189820051
-16.54352248	55.033288899999995	0.0	2.509454489
-19.507436079999998	54.97918651	0.0	2.770115614
-22.49407023	54.899860170000004	0.0	2.834345102
-25.50911903	54.82627079	0.0	2.488683701
-28.51511165	54.79603633	0.0	2.17895627
-31.467840079999995	54.76787314	0.0	2.26518178
-34.39580649	54.62227762	0.0	2.762506723
16.82863943	34.94850174	0.0	3.978876114
-22.71295711	41.64233059	0.0	2.909362555
-24.67335761	43.92517731	0.0	2.944093704
-26.66707896	46.33387551	0.0	3.477462769
-20.72151005	39.42810372	0.0	3.646606207
-18.69004034	37.225961690000005	0.0	4.280854225
-16.6414883	35.001382230000004	0.0	4.250356197
-14.59715329	32.75246173	0.0	3.691867113
-12.576360260000001	30.48113361	0.0	3.51248908
-10.586671529999998	28.20237167	0.0	4.124457836
-8.644212969	25.92757344	0.0	4.781788349
-6.763316691	23.681771010000002	0.0	4.984814167
-4.956751131	21.49779163	0.0	4.9360075
-2.7901052959999997	19.25295778	0.0	5.320365429
26.89055726	45.74596882	0.0	3.399966717
14.80987296	32.77254477	0.0	3.556757927
20.87709494	39.281453940000006	0.0	3.523921251
-31.52062744	50.16659945	0.0	2.925462484
22.58838341	55.22384495	0.0	2.66865921
8.756909518999999	26.24137513	0.0	4.651129723
10.76233946	28.42477523	0.0	4.078897476
28.35773677	55.21027744	0.0	2.127575397
25.492312390000002	55.280014869999995	0.0	2.421586752
18.85418408	37.12173179	0.0	4.119895458
2.618951257	20.06083168	0.0	5.217394829
-28.909610580000002	49.0614213	0.0	3.395256758
-19.83491145	42.2745645	0.0	2.773267746
29.610469939999998	52.648924290000004	0.0	2.547582626
27.97113732	50.460245459999996	0.0	3.198738337
6.781718228	24.09227937	0.0	5.066614628
12.087440119999998	52.417647089999996	0.0	2.349318504
9.041711688	52.375242109999995	0.0	2.392189741
18.14715005	52.506223320000004	0.0	2.813081503
15.115599150000001	52.47187614	0.0	2.541962385
5.98874921	52.34730244	0.0	2.651210785
2.933475189	52.32336	0.0	2.559796333
-0.1259540149	52.320539950000004	0.0	2.675017118
-3.177135251	52.34612152	0.0	2.799809456
-6.201501936	52.39449069	0.0	2.595614672
-9.184793569	52.44728178	0.0	2.563308477
-12.14051712	52.473369989999995	0.0	2.471721888
-15.07375017	52.4741672	0.0	2.609373331
-17.9990232	52.42974684	0.0	2.957122803
-20.94684541	52.325621250000005	0.0	3.227221012
-23.95517379	52.18689889	0.0	3.246160984
-27.04142407	52.08555236	0.0	2.934778452
-30.03048152	52.22082138	0.0	2.616288662
22.001074629999998	44.25559938000001	0.0	2.646187067
-17.81198382	40.13973475	0.0	3.529512405
-21.74258232	44.470727440000005	0.0	2.716495514
-23.58097583	46.81760073	0.0	3.117257357
-15.72608389	37.95971721	0.0	3.895201683
-13.64814956	35.706039520000004	0.0	3.652488708
-11.59508899	33.41574594	0.0	3.303257227
-9.574861266000001	31.101308760000002	0.0	3.425064802
-7.606537081	28.770426290000003	0.0	4.10738945
-5.705884192	26.43851191	0.0	4.588580132
-3.9167040959999997	24.13511835	0.0	4.789094925
-2.503161086	22.031625730000002	0.0	4.767981529
31.26916289	55.00840396	0.0	2.187637806
15.94184525	37.82114387	0.0	3.812391996
12.78670318	30.60188703	0.0	3.579302549
-0.1312110107	21.06566541	0.0	4.857227325
20.02739534	42.09881648	0.0	2.724120617
26.091769340000003	48.48634079	0.0	3.434314966
13.92829325	35.629879679999995	0.0	3.648458242
21.20413259	52.5547713	0.0	3.097545147
5.886061583	26.87408589	0.0	4.595879078
7.832105272	29.11179885	0.0	4.02133894
4.765190184	22.035250440000002	0.0	5.021540165
23.998644199999998	46.474266799999995	0.0	3.135362387
17.993086950000002	39.98193517	0.0	3.493244171
-25.41010454	49.352399999999996	0.0	3.394850492
26.87440626	52.89214104	0.0	2.852252245
-14.85347934	40.98169506	0.0	3.28783083
4.06208029	24.74267781	0.0	4.748109818
4.460516385999999	49.66300726	0.0	2.744964361
10.59918012	49.73621666	0.0	2.378119469
1.3816030700000002	49.636039880000006	0.0	2.586105824
7.530346046999999	49.692489210000005	0.0	2.614653587
-1.713246107	49.63102937	0.0	2.831791401
-4.787886515	49.70719293	0.0	2.772820473
-7.788842544	49.823682760000004	0.0	2.665288687
-10.73312759	49.885932360000005	0.0	2.590783358
-13.64899706	49.91859943	0.0	2.443922997
-16.52858965	49.92977157	0.0	2.666969538
-19.39400844	49.831844870000005	0.0	2.97838974
-22.325875240000002	49.61935803	0.0	3.286496639
-12.711952440000001	38.712285460000004	0.0	3.520677805
-17.038321120000003	42.99649596	0.0	2.836871147
-18.979422749999998	44.97982562	0.0	2.532496691
-10.60913969	36.40594333	0.0	3.464507818
-8.547076955	34.060504290000004	0.0	3.252875805
-6.534645334	31.68103471	0.0	3.479620218
-4.585801158	29.273748400000002	0.0	4.058151722
-2.715250244	26.842132210000003	0.0	4.32917881
-0.7519450737000001	24.209180850000003	0.0	4.435894012
24.13347922	52.7956821	0.0	3.090553761
13.019429520000001	38.48311678	0.0	3.566360712
13.651069249999999	49.81707036	0.0	2.591070414
9.880213067	31.310461460000003	0.0	3.40011096
19.69869062	49.86361042	0.0	2.89972353
2.061305102	22.86985889	0.0	4.607098103
4.803779535	29.732646420000002	0.0	3.945379019
16.657210889999998	49.8944521	0.0	2.590686321
21.01449296	47.08642885	0.0	2.818598032
15.0516443	40.75631127	0.0	3.344774961
3.064257093	27.31940523	0.0	4.277749062
19.20278184	44.82088238	0.0	2.43851018
-20.65603063	47.20026627	0.0	2.816976786
25.63489787	50.87510496	0.0	3.304538488
11.92537136	33.46263245	0.0	3.252854347
23.115655410000002	49.73708838	0.0	3.301699638
-0.19085600800000002	46.88729346	0.0	2.419359922
-17.89847575	47.48189077	0.0	2.580358744
2.931345021	46.951800580000004	0.0	2.320175648
11.073393750000001	36.27951443	0.0	3.354534149
-7.514454424	37.09288687	0.0	3.229388475
-9.363859892	47.34768718	0.0	2.612522602
-12.27102987	47.30056971	0.0	2.485498428
-15.155658129999999	47.4454537	0.0	2.431684256
-11.78397983	41.78607091	0.0	3.216971159
17.21365564	42.81198233	0.0	2.737047911
-14.06352967	44.38826442	0.0	2.642765284
-16.62307419	45.4547666	0.0	2.475017548
-5.444168579	34.66980904	0.0	3.165727139
-3.385188291	46.88377306	0.0	2.606109858
-3.432508092	32.20817819	0.0	3.547415018
-9.637682699	39.45133463	0.0	3.337660789
-1.5193290309999998	29.70452979	0.0	3.896193504
0.2200780145	27.25004964	0.0	4.198839664
-6.468175445	47.15014622	0.0	2.54783535
6.909732241	32.07704425	0.0	3.543920994
1.6287161270000001	29.962494969999998	0.0	3.850982904
6.004332565	47.00789601	0.0	2.593510389
18.10292341	47.39097506	0.0	2.441616535
9.087369777000001	47.02505097	0.0	2.441978931
10.12876257	39.0233919	0.0	3.258052111
11.98693085	41.3919054	0.0	3.072404623
12.22102344	47.05780372	0.0	2.448965788
3.466510214	33.141031860000005	0.0	3.45234561
15.23880381	47.30578884	0.0	2.382021666
-2.285792259	35.239100459999996	0.0	3.347905159
8.371944539	36.88710183	0.0	3.305890083
16.78140648	45.293249190000004	0.0	2.367343903
-1.7863311800000001	44.0027006	0.0	2.399114132
-10.73298976	44.73720863	0.0	2.821265221
1.430385048	44.19130087	0.0	2.122005224
1.728479052	25.28155968	0.0	4.34957552
-0.21517500860000002	32.67655894	0.0	3.520419359
9.074196219000001	34.180447459999996	0.0	3.197926044
-4.350019153	37.74088994	0.0	3.077881575
4.503428005	44.322904199999996	0.0	2.442583323
0.9129770332999999	35.81145033	0.0	3.17427063
-8.720022625999999	42.48327389	0.0	2.973000526
-5.454090424	43.8272208	0.0	2.479775906
8.951826952	41.70461744	0.0	2.956810474
7.396972738	39.36930373	0.0	3.159399271
14.16479144	44.132031500000004	0.0	2.659643173
10.64552274	44.28323358	0.0	2.691604614
-6.478834432	40.232297030000005	0.0	2.916640759
7.536758203	44.35487837	0.0	2.687938452
-8.144411258	45.10460794	0.0	2.626821756
6.314065307	35.04572064	0.0	3.421585083
0.04565800191	41.31415114	0.0	2.498675823
6.128692534000001	37.44317964	0.0	3.239976883
6.0299295	41.78548604	0.0	2.867544889
3.883504076	36.60489619	0.0	3.153342009
-1.1626610069999999	38.307134059999996	0.0	3.08528924
3.105227137	41.625767950000004	0.0	2.411504269
-3.199047176	40.9024395	0.0	2.848878622
1.909407089	38.83389756	0.0	2.759587049
4.725247156	39.29610178	0.0	2.960040092
