 Values of the electric field strength in the far field V
 "Frequency in Hz"  1.1000001E+10
          Theta(deg)            Phi(deg)        Magn(Etheta)       Phase(Etheta)          Magn(Ephi)         Phase(Ephi)            Total_dB
 "FarField Radiation"           1
   0.0000000000E+000   0.0000000000E+000   0.1295627207E+000   0.6921777344E+002   0.2370569420E+002   0.4696660614E+002   0.6331460571E+002
   0.0000000000E+000   0.4500000000E+002   0.1680310631E+002   0.4724695969E+002   0.1672224426E+002   0.4668478012E+002   0.6331462479E+002
   0.0000000000E+000   0.9000000000E+002   0.2370569992E+002   0.4696660614E+002   0.1295627356E+000   0.6921778870E+002   0.6331460953E+002
   0.0000000000E+000   0.1350000000E+003   0.1672224426E+002   0.4668478012E+002   0.1680310631E+002   0.4724695969E+002   0.6331462479E+002
   0.0000000000E+000   0.1800000000E+003   0.1295624971E+000   0.6921800232E+002   0.2370569801E+002   0.4696660233E+002   0.6331460571E+002
   0.3000000000E+002   0.0000000000E+000   0.6749405712E-001   0.8192477417E+002   0.2644036102E+002   0.1108681393E+002   0.6549790192E+002
   0.3000000000E+002   0.4500000000E+002   0.2123870850E+002   0.4142128754E+002   0.2175934792E+002   0.5240629196E+002   0.6829309082E+002
   0.3000000000E+002   0.9000000000E+002   0.2183412361E+002   0.2711002922E+002   0.1711501479E+000   0.8312768555E+002   0.6167009354E+002
   0.3000000000E+002   0.1350000000E+003   0.2074193573E+002   0.4120369339E+002   0.2168655968E+002   0.5266269302E+002   0.6802988434E+002
   0.3000000000E+002   0.1800000000E+003   0.8751200140E-001   0.7035895538E+002   0.2637413597E+002   0.1169246674E+002   0.6544778442E+002
   0.6000000000E+002   0.0000000000E+000   0.3357432485E+000   0.7165224457E+002   0.2486149216E+002   0.2961313629E+002   0.6426822662E+002
   0.6000000000E+002   0.4500000000E+002   0.2623773193E+002   0.3945356750E+002   0.2511686134E+002   0.4565728378E+002   0.7184838104E+002
   0.6000000000E+002   0.9000000000E+002   0.2696635628E+002   0.3925829697E+002   0.1570594162E+000   0.6255066299E+002   0.6589213562E+002
   0.6000000000E+002   0.1350000000E+003   0.2602022552E+002   0.4036952209E+002   0.2533635712E+002   0.4675127792E+002   0.7184616089E+002
   0.6000000000E+002   0.1800000000E+003   0.3190197945E+000   0.4137822342E+002   0.2480902481E+002   0.2991199684E+002   0.6422579956E+002
   0.9000000000E+002   0.0000000000E+000   0.5098470979E-007   0.8876872253E+002   0.2605546570E+002   0.1592087841E+002   0.6520455170E+002
   0.9000000000E+002   0.4500000000E+002   0.3836421911E-005   0.4000685501E+002   0.1869654465E+002   0.2435038757E+002   0.5856677628E+002
   0.9000000000E+002   0.9000000000E+002   0.3349674671E-005   0.3454940796E+001   0.9226430207E-001   0.6752239227E+002  -0.4766195679E+002
   0.9000000000E+002   0.1350000000E+003   0.3846362233E-005   0.3888191986E+002   0.1911466217E+002   0.2606662178E+002   0.5900911331E+002
   0.9000000000E+002   0.1800000000E+003   0.4103593909E-007   0.4818708420E+002   0.2591097832E+002   0.1611885834E+002   0.6509333801E+002
   0.1200000000E+003   0.0000000000E+000   0.3357438445E+000   0.7165246582E+002   0.2486148071E+002   0.2961319733E+002   0.6426821899E+002
   0.1200000000E+003   0.4500000000E+002   0.2623773575E+002   0.3945360947E+002   0.2511683846E+002   0.4565730286E+002   0.7184836578E+002
   0.1200000000E+003   0.9000000000E+002   0.2696636200E+002   0.3925830841E+002   0.1570569575E+000   0.6255180359E+002   0.6589214325E+002
   0.1200000000E+003   0.1350000000E+003   0.2602020836E+002   0.4036958313E+002   0.2533635712E+002   0.4675130081E+002   0.7184615326E+002
   0.1200000000E+003   0.1800000000E+003   0.3190231323E+000   0.4137776566E+002   0.2480903053E+002   0.2991200256E+002   0.6422580719E+002
   0.1500000000E+003   0.0000000000E+000   0.6749661267E-001   0.8191863251E+002   0.2644039917E+002   0.1108685589E+002   0.6549792480E+002
   0.1500000000E+003   0.4500000000E+002   0.2123868752E+002   0.4142126465E+002   0.2175934219E+002   0.5240634537E+002   0.6829308319E+002
   0.1500000000E+003   0.9000000000E+002   0.2183415222E+002   0.2711009026E+002   0.1711500883E+000   0.8312809753E+002   0.6167012024E+002
   0.1500000000E+003   0.1350000000E+003   0.2074192619E+002   0.4120366669E+002   0.2168655777E+002   0.5266270447E+002   0.6802987671E+002
   0.1500000000E+003   0.1800000000E+003   0.8751235902E-001   0.7035653687E+002   0.2637417221E+002   0.1169249821E+002   0.6544781494E+002
   0.1800000000E+003   0.0000000000E+000   0.1295609176E+000   0.6921679688E+002   0.2370571327E+002   0.4696661758E+002   0.6331462097E+002
   0.1800000000E+003   0.4500000000E+002   0.1680310249E+002   0.4724692154E+002   0.1672224236E+002   0.4668479538E+002   0.6331462097E+002
   0.1800000000E+003   0.9000000000E+002   0.2370570183E+002   0.4696659851E+002   0.1295607388E+000   0.6921729279E+002   0.6331460953E+002
   0.1800000000E+003   0.1350000000E+003   0.1672223282E+002   0.4668481827E+002   0.1680309486E+002   0.4724690628E+002   0.6331460953E+002
   0.1800000000E+003   0.1800000000E+003   0.1295626909E+000   0.6921823883E+002   0.2370568657E+002   0.4696661758E+002   0.6331459427E+002
 "FarField Radiation"           2
   0.0000000000E+000   0.0000000000E+000   0.1295627207E+000   0.6921777344E+002   0.2370569420E+002   0.4696660614E+002   0.6331460571E+002
   0.0000000000E+000   0.3000000000E+002   0.1190281773E+002   0.4745118713E+002   0.2050126266E+002   0.4680403900E+002   0.6331464386E+002
   0.0000000000E+000   0.6000000000E+002   0.2055843163E+002   0.4712855148E+002   0.1180375576E+002   0.4647785187E+002   0.6331462479E+002
   0.0000000000E+000   0.9000000000E+002   0.2370569992E+002   0.4696660614E+002   0.1295627356E+000   0.6921778870E+002   0.6331460953E+002
   0.0000000000E+000   0.1200000000E+003   0.2050125313E+002   0.4680404282E+002   0.1190282249E+002   0.4745116806E+002   0.6331463623E+002
   0.0000000000E+000   0.1500000000E+003   0.1180375290E+002   0.4647785568E+002   0.2055842018E+002   0.4712855530E+002   0.6331461334E+002
   0.0000000000E+000   0.1800000000E+003   0.1295624971E+000   0.6921800232E+002   0.2370569801E+002   0.4696660233E+002   0.6331460571E+002
   0.0000000000E+000   0.2100000000E+003   0.1190283298E+002   0.4745119095E+002   0.2050125122E+002   0.4680405426E+002   0.6331463623E+002
   0.0000000000E+000   0.2400000000E+003   0.2055842400E+002   0.4712855148E+002   0.1180375290E+002   0.4647787094E+002   0.6331461334E+002
   0.0000000000E+000   0.2700000000E+003   0.2370569420E+002   0.4696660614E+002   0.1295623630E+000   0.6921807861E+002   0.6331460571E+002
   0.0000000000E+000   0.3000000000E+003   0.2050124741E+002   0.4680404282E+002   0.1190283203E+002   0.4745121384E+002   0.6331463242E+002
   0.0000000000E+000   0.3300000000E+003   0.1180375195E+002   0.4647787857E+002   0.2055842400E+002   0.4712855148E+002   0.6331461334E+002
   0.0000000000E+000   0.3600000000E+003   0.1295646131E+000   0.6921936035E+002   0.2370569992E+002   0.4696660995E+002   0.6331460953E+002
   0.4500000000E+002   0.0000000000E+000   0.2117500752E+000   0.1185544109E+002   0.1455192280E+002   0.5727585220E+002   0.5355657959E+002
   0.4500000000E+002   0.3000000000E+002   0.8132419586E+001   0.1776844025E+002   0.1416903400E+002   0.3810298443E+001   0.5586865997E+002
   0.4500000000E+002   0.6000000000E+002   0.6492569923E+001   0.9743430138E+001   0.8021690369E+001   0.4280306244E+002   0.4668154144E+002
   0.4500000000E+002   0.9000000000E+002   0.2232364845E+002   0.6357474136E+002   0.1195724383E+000   0.4220162964E+002   0.6211322021E+002
   0.4500000000E+002   0.1200000000E+003   0.6369913101E+001   0.8315719604E+001   0.8275178909E+001   0.4264665985E+002   0.4691846848E+002
   0.4500000000E+002   0.1500000000E+003   0.8387269974E+001   0.1824213028E+002   0.1437133121E+002   0.2622844458E+001   0.5623589325E+002
   0.4500000000E+002   0.1800000000E+003   0.1201153174E-001   0.7093949890E+002   0.1460579491E+002   0.5878520584E+002   0.5362837219E+002
   0.4500000000E+002   0.2100000000E+003   0.8037196159E+001   0.1784831429E+002   0.1401433563E+002   0.3426229239E+001   0.5564513397E+002
   0.4500000000E+002   0.2400000000E+003   0.6411900997E+001   0.1105993366E+002   0.8124607086E+001   0.4312277603E+002   0.4673965836E+002
   0.4500000000E+002   0.2700000000E+003   0.2271945190E+002   0.6419548035E+002   0.8524991572E-001   0.5410381317E+002   0.6246456909E+002
   0.4500000000E+002   0.3000000000E+003   0.6281207085E+001   0.1144587231E+002   0.8218450546E+001   0.4330527878E+002   0.4672796249E+002
   0.4500000000E+002   0.3300000000E+003   0.8231367111E+001   0.1749793243E+002   0.1420482731E+002   0.3471887589E+001   0.5596689224E+002
   0.4500000000E+002   0.3600000000E+003   0.2117631286E+000   0.1185842991E+002   0.1455194092E+002   0.5727589035E+002   0.5355660248E+002
   0.9000000000E+002   0.0000000000E+000   0.5098470979E-007   0.8876872253E+002   0.2605546570E+002   0.1592087841E+002   0.6520455170E+002
   0.9000000000E+002   0.3000000000E+002   0.2451634600E-005   0.3696586990E+002   0.2699236298E+002   0.1463224792E+002   0.6591107941E+002
   0.9000000000E+002   0.6000000000E+002   0.4507273843E-005   0.3070083618E+002   0.1975281906E+002   0.7252172089E+002   0.5966592407E+002
   0.9000000000E+002   0.9000000000E+002   0.3349674671E-005   0.3454940796E+001   0.9226430207E-001   0.6752239227E+002  -0.4766195679E+002
   0.9000000000E+002   0.1200000000E+003   0.4579384949E-005   0.2996514130E+002   0.1941984749E+002   0.7177927399E+002   0.5932591248E+002
   0.9000000000E+002   0.1500000000E+003   0.2466924116E-005   0.3645866394E+002   0.2701320076E+002   0.1448433018E+002   0.6592651367E+002
   0.9000000000E+002   0.1800000000E+003   0.4103593909E-007   0.4818708420E+002   0.2591097832E+002   0.1611885834E+002   0.6509333801E+002
   0.9000000000E+002   0.2100000000E+003   0.2447124643E-005   0.3680129242E+002   0.2722638512E+002   0.1474438095E+002   0.6608373260E+002
   0.9000000000E+002   0.2400000000E+003   0.4495108442E-005   0.3007310104E+002   0.1968926620E+002   0.7177587128E+002   0.5960147476E+002
   0.9000000000E+002   0.2700000000E+003   0.3331020480E-005   0.2970117092E+001   0.5649138615E-001   0.7964030457E+002  -0.5747333908E+002
   0.9000000000E+002   0.3000000000E+003   0.4562632057E-005   0.2943956566E+002   0.1941021919E+002   0.7133496857E+002   0.5931599426E+002
   0.9000000000E+002   0.3300000000E+003   0.2449698741E-005   0.3617860794E+002   0.2691365242E+002   0.1491391850E+002   0.6585267639E+002
   0.9000000000E+002   0.3600000000E+003   0.5098436162E-007   0.8877182007E+002   0.2605548096E+002   0.1592086601E+002   0.6520455933E+002
   0.1350000000E+003   0.0000000000E+000   0.2117500752E+000   0.1185544109E+002   0.1455192280E+002   0.5727585220E+002   0.5355657959E+002
   0.1350000000E+003   0.3000000000E+002   0.8132419586E+001   0.1776844025E+002   0.1416903400E+002   0.3810298443E+001   0.5586865997E+002
   0.1350000000E+003   0.6000000000E+002   0.6492569923E+001   0.9743430138E+001   0.8021690369E+001   0.4280306244E+002   0.4668154144E+002
   0.1350000000E+003   0.9000000000E+002   0.2232364845E+002   0.6357474136E+002   0.1195724383E+000   0.4220162964E+002   0.6211322021E+002
   0.1350000000E+003   0.1200000000E+003   0.6369913101E+001   0.8315719604E+001   0.8275178909E+001   0.4264665985E+002   0.4691846848E+002
   0.1350000000E+003   0.1500000000E+003   0.8387269974E+001   0.1824213028E+002   0.1437133121E+002   0.2622844458E+001   0.5623589325E+002
   0.1350000000E+003   0.1800000000E+003   0.1201153174E-001   0.7093949890E+002   0.1460579491E+002   0.5878520584E+002   0.5362837219E+002
   0.1350000000E+003   0.2100000000E+003   0.8037196159E+001   0.1784831429E+002   0.1401433563E+002   0.3426229239E+001   0.5564513397E+002
   0.1350000000E+003   0.2400000000E+003   0.6411900997E+001   0.1105993366E+002   0.8124607086E+001   0.4312277603E+002   0.4673965836E+002
   0.1350000000E+003   0.2700000000E+003   0.2271945190E+002   0.6419548035E+002   0.8524991572E-001   0.5410381317E+002   0.6246456909E+002
   0.1350000000E+003   0.3000000000E+003   0.6281207085E+001   0.1144587231E+002   0.8218450546E+001   0.4330527878E+002   0.4672796249E+002
   0.1350000000E+003   0.3300000000E+003   0.8231367111E+001   0.1749793243E+002   0.1420482731E+002   0.3471887589E+001   0.5596689224E+002
   0.1350000000E+003   0.3600000000E+003   0.2117631286E+000   0.1185842991E+002   0.1455194092E+002   0.5727589035E+002   0.5355660248E+002
   0.1800000000E+003   0.0000000000E+000   0.1295609176E+000   0.6921679688E+002   0.2370571327E+002   0.4696661758E+002   0.6331462097E+002
   0.1800000000E+003   0.3000000000E+002   0.1190281963E+002   0.4745121765E+002   0.2050125504E+002   0.4680403519E+002   0.6331463623E+002
   0.1800000000E+003   0.6000000000E+002   0.2055841827E+002   0.4712854767E+002   0.1180375195E+002   0.4647787094E+002   0.6331460953E+002
   0.1800000000E+003   0.9000000000E+002   0.2370570183E+002   0.4696659851E+002   0.1295607388E+000   0.6921729279E+002   0.6331460953E+002
   0.1800000000E+003   0.1200000000E+003   0.2050126076E+002   0.4680405807E+002   0.1190282536E+002   0.4745121002E+002   0.6331464386E+002
   0.1800000000E+003   0.1500000000E+003   0.1180373955E+002   0.4647785950E+002   0.2055844116E+002   0.4712848282E+002   0.6331462479E+002
   0.1800000000E+003   0.1800000000E+003   0.1295626909E+000   0.6921823883E+002   0.2370568657E+002   0.4696661758E+002   0.6331459427E+002
   0.1800000000E+003   0.2100000000E+003   0.1190283108E+002   0.4745120239E+002   0.2050125694E+002   0.4680411530E+002   0.6331464386E+002
   0.1800000000E+003   0.2400000000E+003   0.2055842590E+002   0.4712851334E+002   0.1180374527E+002   0.4647790909E+002   0.6331461334E+002
   0.1800000000E+003   0.2700000000E+003   0.2370569611E+002   0.4696659470E+002   0.1295586824E+000   0.6921653748E+002   0.6331460571E+002
   0.1800000000E+003   0.3000000000E+003   0.2050124741E+002   0.4680406952E+002   0.1190282917E+002   0.4745119858E+002   0.6331463242E+002
   0.1800000000E+003   0.3300000000E+003   0.1180374432E+002   0.4647787094E+002   0.2055842972E+002   0.4712854385E+002   0.6331461334E+002
   0.1800000000E+003   0.3600000000E+003   0.1295640767E+000   0.6921831512E+002   0.2370571327E+002   0.4696660233E+002   0.6331462097E+002
 "Frequency in Hz"  1.2000000E+10
          Theta(deg)            Phi(deg)        Magn(Etheta)       Phase(Etheta)          Magn(Ephi)         Phase(Ephi)            Total_dB
 "FarField Radiation"           1
   0.0000000000E+000   0.0000000000E+000   0.1351572573E+000   0.1274503708E+002   0.1165687656E+002   0.6257215881E+002   0.4911926651E+002
   0.0000000000E+000   0.4500000000E+002   0.8218941689E+001   0.6321677017E+002   0.8267387390E+001   0.6193144989E+002   0.4911924362E+002
   0.0000000000E+000   0.9000000000E+002   0.1165687466E+002   0.6257215881E+002   0.1351573765E+000   0.1274530983E+002   0.4911926651E+002
   0.0000000000E+000   0.1350000000E+003   0.8267387390E+001   0.6193144989E+002   0.8218941689E+001   0.6321677017E+002   0.4911924362E+002
   0.0000000000E+000   0.1800000000E+003   0.1351557672E+000   0.1274553299E+002   0.1165687180E+002   0.6257215118E+002   0.4911926270E+002
   0.3000000000E+002   0.0000000000E+000   0.1764474511E+000   0.7765391541E+002   0.3123423958E+002   0.3808469009E+002   0.6883061981E+002
   0.3000000000E+002   0.4500000000E+002   0.1470233917E+002   0.8025209045E+002   0.1177081299E+002   0.6780072021E+002   0.5871303177E+002
   0.3000000000E+002   0.9000000000E+002   0.2866990089E+002   0.3943957138E+002   0.6762009114E-001   0.6699256897E+002   0.6711701202E+002
   0.3000000000E+002   0.1350000000E+003   0.1426935196E+002   0.7906628418E+002   0.1151620579E+002   0.6857234955E+002   0.5817817307E+002
   0.3000000000E+002   0.1800000000E+003   0.1646756530E+000   0.3668479919E+002   0.3114807320E+002   0.3877239609E+002   0.6877532196E+002
   0.6000000000E+002   0.0000000000E+000   0.1589223146E+000   0.2452238083E+002   0.2531888962E+002   0.3924500656E+002   0.6463140869E+002
   0.6000000000E+002   0.4500000000E+002   0.2766935349E+002   0.4308044434E+002   0.1351543617E+002   0.4377618408E+002   0.6854628754E+002
   0.6000000000E+002   0.9000000000E+002   0.3560461426E+002   0.4007840729E+002   0.8865205944E-001   0.3357030869E+001   0.7144956970E+002
   0.6000000000E+002   0.1350000000E+003   0.2749581146E+002   0.4496085739E+002   0.1338033676E+002   0.4564459610E+002   0.6840603638E+002
   0.6000000000E+002   0.1800000000E+003   0.2593379319E+000   0.5173740768E+002   0.2526641273E+002   0.3992483902E+002   0.6459057617E+002
   0.9000000000E+002   0.0000000000E+000   0.1765890367E-007   0.1264530182E+002   0.2233077240E+002   0.1270016384E+002   0.6211931229E+002
   0.9000000000E+002   0.4500000000E+002   0.2799958793E-005   0.3618029785E+002   0.2217096329E+002   0.3222797155E+001   0.6197566986E+002
   0.9000000000E+002   0.9000000000E+002   0.3456750392E-005   0.9730972290E+001   0.9398522228E-001   0.2723348236E+002  -0.4729235840E+002
   0.9000000000E+002   0.1350000000E+003   0.2778185717E-005   0.3475542450E+002   0.2190195274E+002   0.1278880715E+001   0.6173151398E+002
   0.9000000000E+002   0.1800000000E+003   0.4802039300E-007   0.8816090393E+002   0.2217059326E+002   0.1320346832E+002   0.6197533417E+002
   0.1200000000E+003   0.0000000000E+000   0.1589230895E+000   0.2452279472E+002   0.2531887436E+002   0.3924501038E+002   0.6463139343E+002
   0.1200000000E+003   0.4500000000E+002   0.2766934204E+002   0.4308044434E+002   0.1351543236E+002   0.4377624130E+002   0.6854627991E+002
   0.1200000000E+003   0.9000000000E+002   0.3560460281E+002   0.4007842636E+002   0.8865179121E-001   0.3353821754E+001   0.7144956207E+002
   0.1200000000E+003   0.1350000000E+003   0.2749580002E+002   0.4496090317E+002   0.1338035202E+002   0.4564459610E+002   0.6840602875E+002
   0.1200000000E+003   0.1800000000E+003   0.2593348920E+000   0.5173778152E+002   0.2526640511E+002   0.3992486572E+002   0.6459056854E+002
   0.1500000000E+003   0.0000000000E+000   0.1764459461E+000   0.7765442657E+002   0.3123423767E+002   0.3808477783E+002   0.6883061981E+002
   0.1500000000E+003   0.4500000000E+002   0.1470232677E+002   0.8025212097E+002   0.1177080631E+002   0.6780067444E+002   0.5871301270E+002
   0.1500000000E+003   0.9000000000E+002   0.2866990089E+002   0.3943960953E+002   0.6761753559E-001   0.6699078369E+002   0.6711701202E+002
   0.1500000000E+003   0.1350000000E+003   0.1426935196E+002   0.7906628418E+002   0.1151619244E+002   0.6857229614E+002   0.5817816162E+002
   0.1500000000E+003   0.1800000000E+003   0.1646739691E+000   0.3668421936E+002   0.3114806175E+002   0.3877251816E+002   0.6877532196E+002
   0.1800000000E+003   0.0000000000E+000   0.1351579428E+000   0.1274601746E+002   0.1165686131E+002   0.6257217789E+002   0.4911924362E+002
   0.1800000000E+003   0.4500000000E+002   0.8218943596E+001   0.6321670532E+002   0.8267385483E+001   0.6193142700E+002   0.4911924362E+002
   0.1800000000E+003   0.9000000000E+002   0.1165686607E+002   0.6257219315E+002   0.1351567805E+000   0.1274595451E+002   0.4911924744E+002
   0.1800000000E+003   0.1350000000E+003   0.8267388344E+001   0.6193148041E+002   0.8218943596E+001   0.6321673584E+002   0.4911924744E+002
   0.1800000000E+003   0.1800000000E+003   0.1351549178E+000   0.1274555588E+002   0.1165686893E+002   0.6257210159E+002   0.4911925888E+002
 "FarField Radiation"           2
   0.0000000000E+000   0.0000000000E+000   0.1351572573E+000   0.1274503708E+002   0.1165687656E+002   0.6257215881E+002   0.4911926651E+002
   0.0000000000E+000   0.3000000000E+002   0.5799874306E+001   0.6369087219E+002   0.1011246872E+002   0.6220182800E+002   0.4911923218E+002
   0.0000000000E+000   0.6000000000E+002   0.1007823372E+002   0.6294379425E+002   0.5859190941E+001   0.6146490860E+002   0.4911926270E+002
   0.0000000000E+000   0.9000000000E+002   0.1165687466E+002   0.6257215881E+002   0.1351573765E+000   0.1274530983E+002   0.4911926651E+002
   0.0000000000E+000   0.1200000000E+003   0.1011246490E+002   0.6220183182E+002   0.5799871922E+001   0.6369084167E+002   0.4911922836E+002
   0.0000000000E+000   0.1500000000E+003   0.5859190941E+001   0.6146489716E+002   0.1007822990E+002   0.6294372177E+002   0.4911925507E+002
   0.0000000000E+000   0.1800000000E+003   0.1351557672E+000   0.1274553299E+002   0.1165687180E+002   0.6257215118E+002   0.4911926270E+002
   0.0000000000E+000   0.2100000000E+003   0.5799874783E+001   0.6369086838E+002   0.1011246967E+002   0.6220180511E+002   0.4911923981E+002
   0.0000000000E+000   0.2400000000E+003   0.1007823372E+002   0.6294376373E+002   0.5859191895E+001   0.6146491241E+002   0.4911926270E+002
   0.0000000000E+000   0.2700000000E+003   0.1165687656E+002   0.6257215881E+002   0.1351571977E+000   0.1274515152E+002   0.4911926651E+002
   0.0000000000E+000   0.3000000000E+003   0.1011246777E+002   0.6220179367E+002   0.5799876213E+001   0.6369089508E+002   0.4911923218E+002
   0.0000000000E+000   0.3300000000E+003   0.5859193802E+001   0.6146487808E+002   0.1007823467E+002   0.6294376373E+002   0.4911926651E+002
   0.0000000000E+000   0.3600000000E+003   0.1351580918E+000   0.1274582863E+002   0.1165687275E+002   0.6257214737E+002   0.4911926651E+002
   0.4500000000E+002   0.0000000000E+000   0.3150631785E+000   0.2625507355E+002   0.1323475456E+002   0.6493833065E+001   0.5166259003E+002
   0.4500000000E+002   0.3000000000E+002   0.1405460072E+002   0.5535103798E+001   0.2266631126E+002   0.1286992741E+002   0.6567085266E+002
   0.4500000000E+002   0.6000000000E+002   0.1533730698E+002   0.2328955269E+002   0.7535792351E+001   0.3770201111E+002   0.5676826477E+002
   0.4500000000E+002   0.9000000000E+002   0.1129030895E+002   0.5433800125E+002   0.4270087183E+000   0.9763947874E-001   0.4849319077E+002
   0.4500000000E+002   0.1200000000E+003   0.1501552105E+002   0.2326555443E+002   0.7799424171E+001   0.3613533401E+002   0.5657029724E+002
   0.4500000000E+002   0.1500000000E+003   0.1388436508E+002   0.4095032692E+001   0.2285708427E+002   0.1219189262E+002   0.6572592926E+002
   0.4500000000E+002   0.1800000000E+003   0.3668435514E+000   0.1415584373E+002   0.1294769669E+002   0.5301525593E+001   0.5122638321E+002
   0.4500000000E+002   0.2100000000E+003   0.1401849651E+002   0.5464004517E+001   0.2262806511E+002   0.1298350048E+002   0.6563217163E+002
   0.4500000000E+002   0.2400000000E+003   0.1543066883E+002   0.2369064140E+002   0.7834932327E+001   0.3907908249E+002   0.5702086639E+002
   0.4500000000E+002   0.2700000000E+003   0.1150549984E+002   0.5552371597E+002   0.3810676932E+000   0.3434793949E+001   0.4886746979E+002
   0.4500000000E+002   0.3000000000E+003   0.1500076485E+002   0.2389971733E+002   0.7830820560E+001   0.3717266846E+002   0.5657196426E+002
   0.4500000000E+002   0.3300000000E+003   0.1372361660E+002   0.4721463203E+001   0.2277229309E+002   0.1225822639E+002   0.6560910034E+002
   0.4500000000E+002   0.3600000000E+003   0.3150635958E+000   0.2625459099E+002   0.1323477173E+002   0.6493831635E+001   0.5166261673E+002
   0.9000000000E+002   0.0000000000E+000   0.1765890367E-007   0.1264530182E+002   0.2233077240E+002   0.1270016384E+002   0.6211931229E+002
   0.9000000000E+002   0.3000000000E+002   0.2016091912E-005   0.5936809540E+001   0.3143798256E+002   0.3697532177E+001   0.6896033478E+002
   0.9000000000E+002   0.6000000000E+002   0.3844866114E-005   0.2102621841E+002   0.1024007511E+002   0.4727854156E+002   0.4652618027E+002
   0.9000000000E+002   0.9000000000E+002   0.3456750392E-005   0.9730972290E+001   0.9398522228E-001   0.2723348236E+002  -0.4729235840E+002
   0.9000000000E+002   0.1200000000E+003   0.3883020327E-005   0.2026459122E+002   0.9996213913E+001   0.4648000717E+002   0.4604412842E+002
   0.9000000000E+002   0.1500000000E+003   0.1981913101E-005   0.6715685844E+001   0.3106378746E+002   0.3752271175E+001   0.6872085571E+002
   0.9000000000E+002   0.1800000000E+003   0.4802039300E-007   0.8816090393E+002   0.2217059326E+002   0.1320346832E+002   0.6197533417E+002
   0.9000000000E+002   0.2100000000E+003   0.2006322802E-005   0.5985838890E+001   0.3126684952E+002   0.2757999897E+001   0.6885117340E+002
   0.9000000000E+002   0.2400000000E+003   0.3839970759E-005   0.2025688934E+002   0.1019478989E+002   0.4968479156E+002   0.4643753433E+002
   0.9000000000E+002   0.2700000000E+003   0.3458030278E-005   0.1023834515E+002   0.5426215008E-001   0.1621563911E+002  -0.5827856445E+002
   0.9000000000E+002   0.3000000000E+003   0.3888881565E-005   0.2029958153E+002   0.1011860085E+002   0.4891471481E+002   0.4628750610E+002
   0.9000000000E+002   0.3300000000E+003   0.1972796326E-005   0.6702930927E+001   0.3067562675E+002   0.3208291054E+001   0.6846936798E+002
   0.9000000000E+002   0.3600000000E+003   0.1766215263E-007   0.1264010525E+002   0.2233079338E+002   0.1270014381E+002   0.6211933136E+002
   0.1350000000E+003   0.0000000000E+000   0.3150631785E+000   0.2625507355E+002   0.1323475456E+002   0.6493833065E+001   0.5166259003E+002
   0.1350000000E+003   0.3000000000E+002   0.1405460072E+002   0.5535103798E+001   0.2266631126E+002   0.1286992741E+002   0.6567085266E+002
   0.1350000000E+003   0.6000000000E+002   0.1533730698E+002   0.2328955269E+002   0.7535792351E+001   0.3770201111E+002   0.5676826477E+002
   0.1350000000E+003   0.9000000000E+002   0.1129030895E+002   0.5433800125E+002   0.4270087183E+000   0.9763947874E-001   0.4849319077E+002
   0.1350000000E+003   0.1200000000E+003   0.1501552105E+002   0.2326555443E+002   0.7799424171E+001   0.3613533401E+002   0.5657029724E+002
   0.1350000000E+003   0.1500000000E+003   0.1388436508E+002   0.4095032692E+001   0.2285708427E+002   0.1219189262E+002   0.6572592926E+002
   0.1350000000E+003   0.1800000000E+003   0.3668435514E+000   0.1415584373E+002   0.1294769669E+002   0.5301525593E+001   0.5122638321E+002
   0.1350000000E+003   0.2100000000E+003   0.1401849651E+002   0.5464004517E+001   0.2262806511E+002   0.1298350048E+002   0.6563217163E+002
   0.1350000000E+003   0.2400000000E+003   0.1543066883E+002   0.2369064140E+002   0.7834932327E+001   0.3907908249E+002   0.5702086639E+002
   0.1350000000E+003   0.2700000000E+003   0.1150549984E+002   0.5552371597E+002   0.3810676932E+000   0.3434793949E+001   0.4886746979E+002
   0.1350000000E+003   0.3000000000E+003   0.1500076485E+002   0.2389971733E+002   0.7830820560E+001   0.3717266846E+002   0.5657196426E+002
   0.1350000000E+003   0.3300000000E+003   0.1372361660E+002   0.4721463203E+001   0.2277229309E+002   0.1225822639E+002   0.6560910034E+002
   0.1350000000E+003   0.3600000000E+003   0.3150635958E+000   0.2625459099E+002   0.1323477173E+002   0.6493831635E+001   0.5166261673E+002
   0.1800000000E+003   0.0000000000E+000   0.1351579428E+000   0.1274601746E+002   0.1165686131E+002   0.6257217789E+002   0.4911924362E+002
   0.1800000000E+003   0.3000000000E+002   0.5799874306E+001   0.6369086075E+002   0.1011245918E+002   0.6220181656E+002   0.4911922073E+002
   0.1800000000E+003   0.6000000000E+002   0.1007824039E+002   0.6294382095E+002   0.5859196663E+001   0.6146494293E+002   0.4911927795E+002
   0.1800000000E+003   0.9000000000E+002   0.1165686607E+002   0.6257219315E+002   0.1351567805E+000   0.1274595451E+002   0.4911924744E+002
   0.1800000000E+003   0.1200000000E+003   0.1011246777E+002   0.6220186615E+002   0.5799875259E+001   0.6369085312E+002   0.4911923218E+002
   0.1800000000E+003   0.1500000000E+003   0.5859193802E+001   0.6146489334E+002   0.1007823849E+002   0.6294377136E+002   0.4911926651E+002
   0.1800000000E+003   0.1800000000E+003   0.1351549178E+000   0.1274555588E+002   0.1165686893E+002   0.6257210159E+002   0.4911925888E+002
   0.1800000000E+003   0.2100000000E+003   0.5799874306E+001   0.6369089508E+002   0.1011246777E+002   0.6220180511E+002   0.4911923218E+002
   0.1800000000E+003   0.2400000000E+003   0.1007821560E+002   0.6294383621E+002   0.5859194756E+001   0.6146490097E+002   0.4911923218E+002
   0.1800000000E+003   0.2700000000E+003   0.1165686798E+002   0.6257216263E+002   0.1351564825E+000   0.1274563026E+002   0.4911925507E+002
   0.1800000000E+003   0.3000000000E+003   0.1011246109E+002   0.6220179749E+002   0.5799877167E+001   0.6369089127E+002   0.4911922455E+002
   0.1800000000E+003   0.3300000000E+003   0.5859199047E+001   0.6146489334E+002   0.1007822800E+002   0.6294382095E+002   0.4911925888E+002
   0.1800000000E+003   0.3600000000E+003   0.1351577938E+000   0.1274563599E+002   0.1165686512E+002   0.6257219315E+002   0.4911924744E+002
