 Values of the electric field strength in the far field V
 "Frequency in Hz"  1.1000001E+10
          Theta(deg)            Phi(deg)        Magn(Etheta)       Phase(Etheta)          Magn(Ephi)         Phase(Ephi)            Total_dB
 "FarField Radiation"           1
   0.0000000000E+000   0.0000000000E+000   0.1262016147E+000   0.6950434113E+002   0.2369686127E+002   0.4697610092E+002   0.6330713654E+002
   0.0000000000E+000   0.2000000000E+002   0.8158374786E+001   0.4772163010E+002   0.2224855804E+002   0.4687646484E+002   0.6330714417E+002
   0.0000000000E+000   0.4000000000E+002   0.1527540016E+002   0.4730062866E+002   0.1811680412E+002   0.4674652863E+002   0.6330712128E+002
   0.0000000000E+000   0.6000000000E+002   0.2055027008E+002   0.4713353729E+002   0.1180010605E+002   0.4650107193E+002   0.6330711746E+002
   0.0000000000E+000   0.8000000000E+002   0.2334662819E+002   0.4702416611E+002   0.4061027050E+001   0.4540630341E+002   0.6330713272E+002
   0.0000000000E+000   0.1000000000E+003   0.2332708931E+002   0.4692788696E+002   0.4171830654E+001   0.4850415039E+002   0.6330713654E+002
   0.0000000000E+000   0.1200000000E+003   0.2049403381E+002   0.4681811142E+002   0.1189757156E+002   0.4744729614E+002   0.6330714417E+002
   0.0000000000E+000   0.1400000000E+003   0.1518921471E+002   0.4664959335E+002   0.1818917465E+002   0.4720477676E+002   0.6330715561E+002
   0.0000000000E+000   0.1600000000E+003   0.8052618027E+001   0.4622071075E+002   0.2228702927E+002   0.4707544327E+002   0.6330711746E+002
   0.0000000000E+000   0.1800000000E+003   0.1262012869E+000   0.6950556183E+002   0.2369686890E+002   0.4697610092E+002   0.6330714417E+002
   0.2000000000E+002   0.0000000000E+000   0.1648287475E+000   0.2719938087E+002   0.2857686234E+002   0.4497333527E+002   0.6705227661E+002
   0.2000000000E+002   0.2000000000E+002   0.7833606243E+001   0.7974613953E+002   0.1657563591E+002   0.1587242222E+002   0.5817459488E+002
   0.2000000000E+002   0.4000000000E+002   0.1278736591E+002   0.2697750330E+001   0.1439937210E+002   0.2028839302E+002   0.5915821075E+002
   0.2000000000E+002   0.6000000000E+002   0.1655746460E+002   0.4055670166E+002   0.9975096703E+001   0.1954551506E+002   0.5923325348E+002
   0.2000000000E+002   0.8000000000E+002   0.2029029655E+002   0.5145242310E+002   0.5357871056E+001   0.1328043079E+002   0.6087690353E+002
   0.2000000000E+002   0.1000000000E+003   0.2016317940E+002   0.5154537201E+002   0.5634568214E+001   0.1145926094E+002   0.6082908630E+002
   0.2000000000E+002   0.1200000000E+003   0.1615645599E+002   0.4079484177E+002   0.1010095310E+002   0.2056832504E+002   0.5894569016E+002
   0.2000000000E+002   0.1400000000E+003   0.1244914246E+002   0.4783007622E+001   0.1428158379E+002   0.2125710678E+002   0.5883168030E+002
   0.2000000000E+002   0.1600000000E+003   0.7824244976E+001   0.7878601074E+002   0.1650931168E+002   0.1609614372E+002   0.5810470581E+002
   0.2000000000E+002   0.1800000000E+003   0.1180896610E+000   0.8547966003E+002   0.2873447037E+002   0.4551360321E+002   0.6716211700E+002
   0.4000000000E+002   0.0000000000E+000   0.1698925495E+000   0.3408001184E+001   0.1145492744E+002   0.1830543327E+002   0.4877059937E+002
   0.4000000000E+002   0.2000000000E+002   0.9941428185E+001   0.5151373672E+002   0.2582094193E+002   0.4776608658E+002   0.6640598297E+002
   0.4000000000E+002   0.4000000000E+002   0.1852559471E+002   0.1990162134E+000   0.2013137245E+002   0.1931214523E+002   0.6618031311E+002
   0.4000000000E+002   0.6000000000E+002   0.1107338810E+002   0.7051211834E+001   0.9803600311E+001   0.2525743961E+001   0.5387840271E+002
   0.4000000000E+002   0.8000000000E+002   0.1905425262E+002   0.3090475273E+002   0.6705133915E+001   0.5584308624E+002   0.6011324310E+002
   0.4000000000E+002   0.1000000000E+003   0.1903310776E+002   0.3101586723E+002   0.6389584064E+001   0.5550336838E+002   0.5999149704E+002
   0.4000000000E+002   0.1200000000E+003   0.1126353073E+002   0.5643464088E+001   0.9983837128E+001   0.1641018271E+001   0.5422939682E+002
   0.4000000000E+002   0.1400000000E+003   0.1843772697E+002   0.1445326328E+001   0.2012390137E+002   0.1865828323E+002   0.6613278198E+002
   0.4000000000E+002   0.1600000000E+003   0.9823569298E+001   0.4967740631E+002   0.2625078392E+002   0.4771350861E+002   0.6666455841E+002
   0.4000000000E+002   0.1800000000E+003   0.1560705900E-001   0.1745960355E+001   0.1125611782E+002   0.1997251129E+002   0.4841825485E+002
   0.6000000000E+002   0.0000000000E+000   0.3320443332E+000   0.6961181641E+002   0.2486486435E+002   0.2959288788E+002   0.6427089691E+002
   0.6000000000E+002   0.2000000000E+002   0.8301933289E+001   0.6565923309E+002   0.1778903389E+002   0.3359938049E+002   0.5954208374E+002
   0.6000000000E+002   0.4000000000E+002   0.2195556068E+002   0.4297669220E+002   0.2739234543E+002   0.3447440720E+002   0.7116708374E+002
   0.6000000000E+002   0.6000000000E+002   0.3407515335E+002   0.3552589798E+002   0.1563536263E+002   0.2976787949E+002   0.7248205566E+002
   0.6000000000E+002   0.8000000000E+002   0.2765231705E+002   0.4792510986E+002   0.7855605602E+001   0.8124545288E+002   0.6717031860E+002
   0.6000000000E+002   0.1000000000E+003   0.2775024033E+002   0.4793201065E+002   0.7765984058E+001   0.8146443176E+002   0.6721891022E+002
   0.6000000000E+002   0.1200000000E+003   0.3423884201E+002   0.3619095230E+002   0.1585876656E+002   0.2955098534E+002   0.7261083984E+002
   0.6000000000E+002   0.1400000000E+003   0.2141442680E+002   0.4382135773E+002   0.2695293427E+002   0.3496039581E+002   0.7077530670E+002
   0.6000000000E+002   0.1600000000E+003   0.8248026848E+001   0.6638811493E+002   0.1807267380E+002   0.3215373611E+002   0.5978002930E+002
   0.6000000000E+002   0.1800000000E+003   0.3186102211E+000   0.3988069153E+002   0.2479298973E+002   0.2990383148E+002   0.6421286774E+002
   0.8000000000E+002   0.0000000000E+000   0.1924759448E+000   0.8384870148E+002   0.2653077698E+002   0.1380316925E+002   0.6556663513E+002
   0.8000000000E+002   0.2000000000E+002   0.4629141808E+001   0.8260126495E+002   0.3175591087E+002   0.1255625629E+002   0.6937184906E+002
   0.8000000000E+002   0.4000000000E+002   0.1349110508E+002   0.3209129333E+002   0.2696979332E+002   0.7313627720E+001   0.6812762451E+002
   0.8000000000E+002   0.6000000000E+002   0.1752328682E+002   0.2376327133E+002   0.1893518448E+002   0.6856509399E+002   0.6500698853E+002
   0.8000000000E+002   0.8000000000E+002   0.1446836281E+002   0.6306065559E+001   0.1211887002E+001   0.3117193222E+002   0.5350920105E+002
   0.8000000000E+002   0.1000000000E+003   0.1453833580E+002   0.6376713276E+001   0.1363544941E+001   0.3153870392E+002   0.5362335968E+002
   0.8000000000E+002   0.1200000000E+003   0.1780517578E+002   0.2302993202E+002   0.1864598465E+002   0.6780743408E+002   0.6499331665E+002
   0.8000000000E+002   0.1400000000E+003   0.1350038719E+002   0.3149295235E+002   0.2676635551E+002   0.8341102600E+001   0.6800947571E+002
   0.8000000000E+002   0.1600000000E+003   0.4625540257E+001   0.8285350800E+002   0.3179856491E+002   0.1236519623E+002   0.6939781189E+002
   0.8000000000E+002   0.1800000000E+003   0.1695925146E+000   0.4411333466E+002   0.2638876343E+002   0.1395214272E+002   0.6545918274E+002
   0.1000000000E+003   0.0000000000E+000   0.1924755424E+000   0.8384860229E+002   0.2653077888E+002   0.1380314541E+002   0.6556663513E+002
   0.1000000000E+003   0.2000000000E+002   0.4629148960E+001   0.8260131073E+002   0.3175591087E+002   0.1255628204E+002   0.6937184906E+002
   0.1000000000E+003   0.4000000000E+002   0.1349111271E+002   0.3209127045E+002   0.2696979332E+002   0.7313627720E+001   0.6812762451E+002
   0.1000000000E+003   0.6000000000E+002   0.1752329636E+002   0.2376321030E+002   0.1893517685E+002   0.6856507111E+002   0.6500698853E+002
   0.1000000000E+003   0.8000000000E+002   0.1446836567E+002   0.6306090832E+001   0.1211882830E+001   0.3117164803E+002   0.5350920868E+002
   0.1000000000E+003   0.1000000000E+003   0.1453833485E+002   0.6376735687E+001   0.1363542557E+001   0.3153881454E+002   0.5362335968E+002
   0.1000000000E+003   0.1200000000E+003   0.1780518532E+002   0.2302990913E+002   0.1864597893E+002   0.6780740356E+002   0.6499331665E+002
   0.1000000000E+003   0.1400000000E+003   0.1350039291E+002   0.3149293137E+002   0.2676636124E+002   0.8341124535E+001   0.6800947571E+002
   0.1000000000E+003   0.1600000000E+003   0.4625545502E+001   0.8285353851E+002   0.3179855728E+002   0.1236521149E+002   0.6939780426E+002
   0.1000000000E+003   0.1800000000E+003   0.1695915461E+000   0.4411298752E+002   0.2638875008E+002   0.1395212269E+002   0.6545916748E+002
   0.1200000000E+003   0.0000000000E+000   0.3320463598E+000   0.6961198425E+002   0.2486486626E+002   0.2959291649E+002   0.6427089691E+002
   0.1200000000E+003   0.2000000000E+002   0.8301923752E+001   0.6565919495E+002   0.1778903770E+002   0.3359938812E+002   0.5954208374E+002
   0.1200000000E+003   0.4000000000E+002   0.2195555687E+002   0.4297669983E+002   0.2739235115E+002   0.3447442245E+002   0.7116708374E+002
   0.1200000000E+003   0.6000000000E+002   0.3407514191E+002   0.3552590561E+002   0.1563535404E+002   0.2976785469E+002   0.7248204803E+002
   0.1200000000E+003   0.8000000000E+002   0.2765232086E+002   0.4792512894E+002   0.7855607986E+001   0.8124546051E+002   0.6717032623E+002
   0.1200000000E+003   0.1000000000E+003   0.2775024033E+002   0.4793202209E+002   0.7765991211E+001   0.8146443176E+002   0.6721891022E+002
   0.1200000000E+003   0.1200000000E+003   0.3423884583E+002   0.3619096756E+002   0.1585877228E+002   0.2955099678E+002   0.7261083984E+002
   0.1200000000E+003   0.1400000000E+003   0.2141442680E+002   0.4382141113E+002   0.2695292664E+002   0.3496041107E+002   0.7077529907E+002
   0.1200000000E+003   0.1600000000E+003   0.8248018265E+001   0.6638806152E+002   0.1807267380E+002   0.3215371704E+002   0.5978002548E+002
   0.1200000000E+003   0.1800000000E+003   0.3186112344E+000   0.3987973022E+002   0.2479298973E+002   0.2990386009E+002   0.6421286774E+002
   0.1400000000E+003   0.0000000000E+000   0.1698996127E+000   0.3408853292E+001   0.1145493984E+002   0.1830527496E+002   0.4877061844E+002
   0.1400000000E+003   0.2000000000E+002   0.9941435814E+001   0.5151384354E+002   0.2582091713E+002   0.4776615143E+002   0.6640596771E+002
   0.1400000000E+003   0.4000000000E+002   0.1852561378E+002   0.1990957111E+000   0.2013138390E+002   0.1931217194E+002   0.6618032837E+002
   0.1400000000E+003   0.6000000000E+002   0.1107339478E+002   0.7051276684E+001   0.9803620338E+001   0.2525787592E+001   0.5387842560E+002
   0.1400000000E+003   0.8000000000E+002   0.1905424309E+002   0.3090469933E+002   0.6705121517E+001   0.5584299088E+002   0.6011322784E+002
   0.1400000000E+003   0.1000000000E+003   0.1903309631E+002   0.3101579857E+002   0.6389570713E+001   0.5550334167E+002   0.5999148560E+002
   0.1400000000E+003   0.1200000000E+003   0.1126354694E+002   0.5643568039E+001   0.9983861923E+001   0.1641049385E+001   0.5422943497E+002
   0.1400000000E+003   0.1400000000E+003   0.1843772507E+002   0.1445238948E+001   0.2012391663E+002   0.1865827751E+002   0.6613279724E+002
   0.1400000000E+003   0.1600000000E+003   0.9823563576E+001   0.4967754364E+002   0.2625077820E+002   0.4771350861E+002   0.6666455078E+002
   0.1400000000E+003   0.1800000000E+003   0.1560560334E-001   0.1743900180E+001   0.1125613976E+002   0.1997232056E+002   0.4841829300E+002
   0.1600000000E+003   0.0000000000E+000   0.1648337394E+000   0.2719898224E+002   0.2857685280E+002   0.4497332382E+002   0.6705227661E+002
   0.1600000000E+003   0.2000000000E+002   0.7833623886E+001   0.7974617004E+002   0.1657562637E+002   0.1587245083E+002   0.5817459488E+002
   0.1600000000E+003   0.4000000000E+002   0.1278737068E+002   0.2697706461E+001   0.1439936256E+002   0.2028837395E+002   0.5915820694E+002
   0.1600000000E+003   0.6000000000E+002   0.1655748940E+002   0.4055669403E+002   0.9975072861E+001   0.1954547119E+002   0.5923326111E+002
   0.1600000000E+003   0.8000000000E+002   0.2029028320E+002   0.5145240402E+002   0.5357862949E+001   0.1328053761E+002   0.6087688446E+002
   0.1600000000E+003   0.1000000000E+003   0.2016317177E+002   0.5154536057E+002   0.5634567738E+001   0.1145942497E+002   0.6082908249E+002
   0.1600000000E+003   0.1200000000E+003   0.1615646172E+002   0.4079479980E+002   0.1010095024E+002   0.2056825638E+002   0.5894569397E+002
   0.1600000000E+003   0.1400000000E+003   0.1244912815E+002   0.4782938004E+001   0.1428160667E+002   0.2125705910E+002   0.5883169556E+002
   0.1600000000E+003   0.1600000000E+003   0.7824264050E+001   0.7878598785E+002   0.1650931740E+002   0.1609616089E+002   0.5810472107E+002
   0.1600000000E+003   0.1800000000E+003   0.1180910692E+000   0.8547887421E+002   0.2873446274E+002   0.4551360703E+002   0.6716210938E+002
   0.1800000000E+003   0.0000000000E+000   0.1262007505E+000   0.6950496674E+002   0.2369686127E+002   0.4697614288E+002   0.6330713654E+002
   0.1800000000E+003   0.2000000000E+002   0.8158373833E+001   0.4772169876E+002   0.2224855423E+002   0.4687648010E+002   0.6330713654E+002
   0.1800000000E+003   0.4000000000E+002   0.1527540779E+002   0.4730064011E+002   0.1811680603E+002   0.4674651718E+002   0.6330712891E+002
   0.1800000000E+003   0.6000000000E+002   0.2055027580E+002   0.4713350296E+002   0.1180009937E+002   0.4650100708E+002   0.6330711746E+002
   0.1800000000E+003   0.8000000000E+002   0.2334660149E+002   0.4702419281E+002   0.4061028004E+001   0.4540632629E+002   0.6330710983E+002
   0.1800000000E+003   0.1000000000E+003   0.2332710266E+002   0.4692788696E+002   0.4171831131E+001   0.4850417328E+002   0.6330715179E+002
   0.1800000000E+003   0.1200000000E+003   0.2049402618E+002   0.4681808090E+002   0.1189757538E+002   0.4744717026E+002   0.6330714417E+002
   0.1800000000E+003   0.1400000000E+003   0.1518921947E+002   0.4664965057E+002   0.1818918037E+002   0.4720477295E+002   0.6330715942E+002
   0.1800000000E+003   0.1600000000E+003   0.8052613258E+001   0.4622066498E+002   0.2228702354E+002   0.4707544708E+002   0.6330711746E+002
   0.1800000000E+003   0.1800000000E+003   0.1262013763E+000   0.6950651550E+002   0.2369686890E+002   0.4697606659E+002   0.6330714417E+002
 "FarField Radiation"           2
   0.0000000000E+000   0.0000000000E+000   0.1262016147E+000   0.6950434113E+002   0.2369686127E+002   0.4697610092E+002   0.6330713654E+002
   0.0000000000E+000   0.4500000000E+002   0.1679617691E+002   0.4724851990E+002   0.1671662331E+002   0.4670218658E+002   0.6330713272E+002
   0.0000000000E+000   0.9000000000E+002   0.2369686699E+002   0.4697610474E+002   0.1262014508E+000   0.6950460815E+002   0.6330714417E+002
   0.0000000000E+000   0.1350000000E+003   0.1671662331E+002   0.4670218658E+002   0.1679617691E+002   0.4724851990E+002   0.6330713272E+002
   0.0000000000E+000   0.1800000000E+003   0.1262012869E+000   0.6950556183E+002   0.2369686890E+002   0.4697610092E+002   0.6330714417E+002
   0.0000000000E+000   0.2250000000E+003   0.1679618263E+002   0.4724852371E+002   0.1671662140E+002   0.4670217514E+002   0.6330713654E+002
   0.0000000000E+000   0.2700000000E+003   0.2369686508E+002   0.4697610474E+002   0.1262015253E+000   0.6950431061E+002   0.6330714417E+002
   0.0000000000E+000   0.3150000000E+003   0.1671662903E+002   0.4670215988E+002   0.1679618263E+002   0.4724853134E+002   0.6330714417E+002
   0.0000000000E+000   0.3600000000E+003   0.1262033880E+000   0.6950658417E+002   0.2369687271E+002   0.4697608948E+002   0.6330714798E+002
   0.4500000000E+002   0.0000000000E+000   0.2021272779E+000   0.1338831425E+002   0.1455428696E+002   0.5725210953E+002   0.5355963898E+002
   0.4500000000E+002   0.4500000000E+002   0.1194965935E+002   0.7143431664E+001   0.1411309624E+002   0.6367799377E+002   0.5834734344E+002
   0.4500000000E+002   0.9000000000E+002   0.2231635857E+002   0.6357557297E+002   0.1112340614E+000   0.4354708481E+002   0.6210664749E+002
   0.4500000000E+002   0.1350000000E+003   0.1159663105E+002   0.4548954010E+001   0.1399104786E+002   0.6236106110E+002   0.5799793243E+002
   0.4500000000E+002   0.1800000000E+003   0.1551073510E-001   0.3591431808E+002   0.1461837673E+002   0.5873035812E+002   0.5364559937E+002
   0.4500000000E+002   0.2250000000E+003   0.1196999168E+002   0.7732470989E+001   0.1421846104E+002   0.6250817490E+002   0.5844834137E+002
   0.4500000000E+002   0.2700000000E+003   0.2271741104E+002   0.6417427063E+002   0.8611512929E-001   0.6107165146E+002   0.6246277237E+002
   0.4500000000E+002   0.3150000000E+003   0.1160707378E+002   0.5772496700E+001   0.1415154266E+002   0.6139021683E+002   0.5814101791E+002
   0.4500000000E+002   0.3600000000E+003   0.2021392733E+000   0.1339341450E+002   0.1455429363E+002   0.5725208664E+002   0.5355965042E+002
   0.9000000000E+002   0.0000000000E+000   0.4977383838E-007   0.8540078735E+002   0.2604877663E+002   0.1595123100E+002   0.6519941711E+002
   0.9000000000E+002   0.4500000000E+002   0.3834260951E-005   0.4006610489E+002   0.1871038628E+002   0.2435085297E+002   0.5858157730E+002
   0.9000000000E+002   0.9000000000E+002   0.3349894996E-005   0.3436860561E+001   0.9707243741E-001   0.7522979736E+002  -0.4664595795E+002
   0.9000000000E+002   0.1350000000E+003   0.3845959327E-005   0.3885365677E+002   0.1912217522E+002   0.2609008980E+002   0.5901697159E+002
   0.9000000000E+002   0.1800000000E+003   0.4207330306E-007   0.4607986069E+002   0.2589957619E+002   0.1611665344E+002   0.6508453369E+002
   0.9000000000E+002   0.2250000000E+003   0.3817637207E-005   0.3939921188E+002   0.1899192619E+002   0.2418840218E+002   0.5888027573E+002
   0.9000000000E+002   0.2700000000E+003   0.3331220341E-005   0.2954397678E+001   0.5357909203E-001   0.7216819763E+002  -0.5853192902E+002
   0.9000000000E+002   0.3150000000E+003   0.3832203674E-005   0.3838750458E+002   0.1919218826E+002   0.2580521393E+002   0.5909006500E+002
   0.9000000000E+002   0.3600000000E+003   0.4977191992E-007   0.8540525055E+002   0.2604874802E+002   0.1595120430E+002   0.6519939423E+002
   0.1350000000E+003   0.0000000000E+000   0.2021272779E+000   0.1338831425E+002   0.1455428696E+002   0.5725210953E+002   0.5355963898E+002
   0.1350000000E+003   0.4500000000E+002   0.1194965935E+002   0.7143431664E+001   0.1411309624E+002   0.6367799377E+002   0.5834734344E+002
   0.1350000000E+003   0.9000000000E+002   0.2231635857E+002   0.6357557297E+002   0.1112340614E+000   0.4354708481E+002   0.6210664749E+002
   0.1350000000E+003   0.1350000000E+003   0.1159663105E+002   0.4548954010E+001   0.1399104786E+002   0.6236106110E+002   0.5799793243E+002
   0.1350000000E+003   0.1800000000E+003   0.1551073510E-001   0.3591431808E+002   0.1461837673E+002   0.5873035812E+002   0.5364559937E+002
   0.1350000000E+003   0.2250000000E+003   0.1196999168E+002   0.7732470989E+001   0.1421846104E+002   0.6250817490E+002   0.5844834137E+002
   0.1350000000E+003   0.2700000000E+003   0.2271741104E+002   0.6417427063E+002   0.8611512929E-001   0.6107165146E+002   0.6246277237E+002
   0.1350000000E+003   0.3150000000E+003   0.1160707378E+002   0.5772496700E+001   0.1415154266E+002   0.6139021683E+002   0.5814101791E+002
   0.1350000000E+003   0.3600000000E+003   0.2021392733E+000   0.1339341450E+002   0.1455429363E+002   0.5725208664E+002   0.5355965042E+002
   0.1800000000E+003   0.0000000000E+000   0.1262007505E+000   0.6950496674E+002   0.2369686127E+002   0.4697614288E+002   0.6330713654E+002
   0.1800000000E+003   0.4500000000E+002   0.1679617310E+002   0.4724851608E+002   0.1671663094E+002   0.4670220184E+002   0.6330713654E+002
   0.1800000000E+003   0.9000000000E+002   0.2369687271E+002   0.4697611618E+002   0.1262009293E+000   0.6950571442E+002   0.6330714798E+002
   0.1800000000E+003   0.1350000000E+003   0.1671663475E+002   0.4670217896E+002   0.1679617310E+002   0.4724848557E+002   0.6330713654E+002
   0.1800000000E+003   0.1800000000E+003   0.1262013763E+000   0.6950651550E+002   0.2369686890E+002   0.4697606659E+002   0.6330714417E+002
   0.1800000000E+003   0.2250000000E+003   0.1679617500E+002   0.4724856567E+002   0.1671662331E+002   0.4670214844E+002   0.6330713272E+002
   0.1800000000E+003   0.2700000000E+003   0.2369686508E+002   0.4697608948E+002   0.1262010336E+000   0.6950509644E+002   0.6330713654E+002
   0.1800000000E+003   0.3150000000E+003   0.1671662712E+002   0.4670213699E+002   0.1679618263E+002   0.4724852753E+002   0.6330714417E+002
   0.1800000000E+003   0.3600000000E+003   0.1262029856E+000   0.6950676727E+002   0.2369686699E+002   0.4697613525E+002   0.6330714417E+002
 "Frequency in Hz"  1.2000000E+10
          Theta(deg)            Phi(deg)        Magn(Etheta)       Phase(Etheta)          Magn(Ephi)         Phase(Ephi)            Total_dB
 "FarField Radiation"           1
   0.0000000000E+000   0.0000000000E+000   0.1082920730E+000   0.1352652073E+002   0.1165221119E+002   0.6272382736E+002   0.4911077881E+002
   0.0000000000E+000   0.2000000000E+002   0.3962326050E+001   0.6415325165E+002   0.1095833778E+002   0.6253577423E+002   0.4911074066E+002
   0.0000000000E+000   0.4000000000E+002   0.7470606327E+001   0.6334182739E+002   0.8942889214E+001   0.6229063034E+002   0.4911074829E+002
   0.0000000000E+000   0.6000000000E+002   0.1007835484E+002   0.6302272415E+002   0.5849084854E+001   0.6183132935E+002   0.4911072540E+002
   0.0000000000E+000   0.8000000000E+002   0.1147070408E+002   0.6281497574E+002   0.2051341295E+001   0.5982920456E+002   0.4911073303E+002
   0.0000000000E+000   0.1000000000E+003   0.1147966003E+002   0.6263262939E+002   0.2000716209E+001   0.6569167328E+002   0.4911075974E+002
   0.0000000000E+000   0.1200000000E+003   0.1010407257E+002   0.6242542648E+002   0.5804508209E+001   0.6362298584E+002   0.4911069870E+002
   0.0000000000E+000   0.1400000000E+003   0.7510017872E+001   0.6210894775E+002   0.8909822464E+001   0.6315866852E+002   0.4911075211E+002
   0.0000000000E+000   0.1600000000E+003   0.4010684013E+001   0.6131163025E+002   0.1094070721E+002   0.6291222000E+002   0.4911070251E+002
   0.0000000000E+000   0.1800000000E+003   0.1082909033E+000   0.1352834511E+002   0.1165220928E+002   0.6272383881E+002   0.4911077881E+002
   0.2000000000E+002   0.0000000000E+000   0.8209412545E-001   0.1845139122E+002   0.1781314850E+002   0.7378505707E+002   0.5759894943E+002
   0.2000000000E+002   0.2000000000E+002   0.6070091724E+001   0.4272178650E+001   0.2334122086E+002   0.2912059784E+002   0.6365883636E+002
   0.2000000000E+002   0.4000000000E+002   0.1961302757E+002   0.3562300110E+002   0.1598068428E+002   0.2808592987E+002   0.6461550903E+002
   0.2000000000E+002   0.6000000000E+002   0.1471112442E+002   0.3748070908E+002   0.9401452065E+001   0.4219287491E+002   0.5719670105E+002
   0.2000000000E+002   0.8000000000E+002   0.1322166920E+002   0.5188692474E+002   0.4205911636E+001   0.6776689148E+002   0.5260108185E+002
   0.2000000000E+002   0.1000000000E+003   0.1310060024E+002   0.5114012146E+002   0.4229102612E+001   0.6919139099E+002   0.5244447327E+002
   0.2000000000E+002   0.1200000000E+003   0.1435536480E+002   0.3655310440E+002   0.9417956352E+001   0.4179024506E+002   0.5686210251E+002
   0.2000000000E+002   0.1400000000E+003   0.1930412865E+002   0.3501362610E+002   0.1575108433E+002   0.2883867073E+002   0.6430921936E+002
   0.2000000000E+002   0.1600000000E+003   0.6020427227E+001   0.3855028868E+001   0.2317153549E+002   0.2960979652E+002   0.6351174164E+002
   0.2000000000E+002   0.1800000000E+003   0.4428933561E-001   0.7501284027E+002   0.1781608200E+002   0.7468907166E+002   0.5760208893E+002
   0.4000000000E+002   0.0000000000E+000   0.2548516989E+000   0.3928941345E+002   0.2208689308E+002   0.1612398148E+001   0.6190102005E+002
   0.4000000000E+002   0.2000000000E+002   0.1071624851E+002   0.5057883453E+002   0.1579463100E+002   0.5284528732E+002   0.5898000717E+002
   0.4000000000E+002   0.4000000000E+002   0.2179644585E+002   0.3395429230E+002   0.1714913368E+002   0.3465596771E+002   0.6645322418E+002
   0.4000000000E+002   0.6000000000E+002   0.2644964790E+002   0.1442432785E+002   0.9800443649E+001   0.2626186180E+002   0.6679137421E+002
   0.4000000000E+002   0.8000000000E+002   0.1783133125E+002   0.3483531189E+002   0.8813348770E+001   0.3968419647E+002   0.5980483246E+002
   0.4000000000E+002   0.1000000000E+003   0.1768912697E+002   0.3446629715E+002   0.8608553886E+001   0.4104698563E+002   0.5958456421E+002
   0.4000000000E+002   0.1200000000E+003   0.2625477028E+002   0.1426848888E+002   0.1001598454E+002   0.2567881584E+002   0.6671568298E+002
   0.4000000000E+002   0.1400000000E+003   0.2136077499E+002   0.3365465927E+002   0.1720185471E+002   0.3388986969E+002   0.6622984314E+002
   0.4000000000E+002   0.1600000000E+003   0.1077161026E+002   0.4870027161E+002   0.1582908154E+002   0.5349535751E+002   0.5904237366E+002
   0.4000000000E+002   0.1800000000E+003   0.1953314394E+000   0.4135221100E+002   0.2177401924E+002   0.7053816319E+000   0.6161515808E+002
   0.6000000000E+002   0.0000000000E+000   0.1458656639E+000   0.2348563385E+002   0.2532151604E+002   0.3925510788E+002   0.6463342285E+002
   0.6000000000E+002   0.2000000000E+002   0.3289162159E+001   0.3741954803E+002   0.1771572685E+002   0.3159527016E+002   0.5782795334E+002
   0.6000000000E+002   0.4000000000E+002   0.2467986488E+002   0.4590150833E+002   0.2012870026E+002   0.5104110336E+002   0.6921914673E+002
   0.6000000000E+002   0.6000000000E+002   0.3590220642E+002   0.5046686172E+002   0.7457899094E+001   0.7921121979E+002   0.7203843689E+002
   0.6000000000E+002   0.8000000000E+002   0.2960201263E+002   0.4315582657E+002   0.4718351364E+001   0.5031369019E+002   0.6800773621E+002
   0.6000000000E+002   0.1000000000E+003   0.2978427315E+002   0.4365829086E+002   0.4399835110E+001   0.5304938889E+002   0.6809548187E+002
   0.6000000000E+002   0.1200000000E+003   0.3598095703E+002   0.5105430603E+002   0.7443682671E+001   0.7697398376E+002   0.7207887268E+002
   0.6000000000E+002   0.1400000000E+003   0.2428986359E+002   0.4759479523E+002   0.1969817162E+002   0.5147478867E+002   0.6885525513E+002
   0.6000000000E+002   0.1600000000E+003   0.3299775600E+001   0.3883930969E+002   0.1826312065E+002   0.3064229965E+002   0.5841891479E+002
   0.6000000000E+002   0.1800000000E+003   0.2624862492E+000   0.5347984695E+002   0.2527361488E+002   0.3993161392E+002   0.6459629822E+002
   0.8000000000E+002   0.0000000000E+000   0.5541970208E-001   0.4970562458E+001   0.2439964294E+002   0.1714249611E+002   0.6389141846E+002
   0.8000000000E+002   0.2000000000E+002   0.7556692123E+001   0.1241822338E+002   0.3159984398E+002   0.3242193604E+002   0.6961915588E+002
   0.8000000000E+002   0.4000000000E+002   0.9627474785E+001   0.1596377563E+002   0.2801503372E+002   0.6773867607E+001   0.6777111816E+002
   0.8000000000E+002   0.6000000000E+002   0.1562480545E+002   0.1051426315E+002   0.7834037304E+001   0.4881427383E+002   0.5721971512E+002
   0.8000000000E+002   0.8000000000E+002   0.1667754936E+002   0.1661525917E+002   0.1305040002E+001   0.3528920650E+001   0.5634231567E+002
   0.8000000000E+002   0.1000000000E+003   0.1664799881E+002   0.1663945961E+002   0.9271604419E+000   0.1217900944E+002   0.5627677155E+002
   0.8000000000E+002   0.1200000000E+003   0.1576242638E+002   0.9858839989E+001   0.7667252541E+001   0.4725218582E+002   0.5727632141E+002
   0.8000000000E+002   0.1400000000E+003   0.9476564407E+001   0.1466668892E+002   0.2769219589E+002   0.7967355251E+001   0.6753044891E+002
   0.8000000000E+002   0.1600000000E+003   0.7386412144E+001   0.1297269535E+002   0.3173462868E+002   0.3225677872E+002   0.6967575836E+002
   0.8000000000E+002   0.1800000000E+003   0.1853434145E+000   0.8536906433E+002   0.2425368881E+002   0.1762866211E+002   0.6377195740E+002
   0.1000000000E+003   0.0000000000E+000   0.5541891232E-001   0.4971687794E+001   0.2439964485E+002   0.1714251137E+002   0.6389142609E+002
   0.1000000000E+003   0.2000000000E+002   0.7556694508E+001   0.1241823101E+002   0.3159980011E+002   0.3242199707E+002   0.6961913300E+002
   0.1000000000E+003   0.4000000000E+002   0.9627481461E+001   0.1596378136E+002   0.2801503372E+002   0.6773867607E+001   0.6777111816E+002
   0.1000000000E+003   0.6000000000E+002   0.1562482071E+002   0.1051420116E+002   0.7834027290E+001   0.4881439209E+002   0.5721973038E+002
   0.1000000000E+003   0.8000000000E+002   0.1667756081E+002   0.1661526299E+002   0.1305047393E+001   0.3528792858E+001   0.5634233093E+002
   0.1000000000E+003   0.1000000000E+003   0.1664800453E+002   0.1663946342E+002   0.9271615744E+000   0.1217905712E+002   0.5627677536E+002
   0.1000000000E+003   0.1200000000E+003   0.1576243591E+002   0.9858803749E+001   0.7667228222E+001   0.4725210190E+002   0.5727631378E+002
   0.1000000000E+003   0.1400000000E+003   0.9476569176E+001   0.1466665077E+002   0.2769218826E+002   0.7967364788E+001   0.6753044128E+002
   0.1000000000E+003   0.1600000000E+003   0.7386411667E+001   0.1297267628E+002   0.3173462486E+002   0.3225678253E+002   0.6967575073E+002
   0.1000000000E+003   0.1800000000E+003   0.1853431910E+000   0.8536863708E+002   0.2425367355E+002   0.1762869263E+002   0.6377194977E+002
   0.1200000000E+003   0.0000000000E+000   0.1458662301E+000   0.2348599052E+002   0.2532150650E+002   0.3925511932E+002   0.6463341522E+002
   0.1200000000E+003   0.2000000000E+002   0.3289161444E+001   0.3741954041E+002   0.1771571350E+002   0.3159523201E+002   0.5782794189E+002
   0.1200000000E+003   0.4000000000E+002   0.2467985916E+002   0.4590153503E+002   0.2012870407E+002   0.5104111099E+002   0.6921914673E+002
   0.1200000000E+003   0.6000000000E+002   0.3590220642E+002   0.5046687698E+002   0.7457902431E+001   0.7921124268E+002   0.7203843689E+002
   0.1200000000E+003   0.8000000000E+002   0.2960201454E+002   0.4315583420E+002   0.4718341827E+001   0.5031368637E+002   0.6800773621E+002
   0.1200000000E+003   0.1000000000E+003   0.2978425980E+002   0.4365832138E+002   0.4399832726E+001   0.5304944611E+002   0.6809547424E+002
   0.1200000000E+003   0.1200000000E+003   0.3598096085E+002   0.5105432510E+002   0.7443685055E+001   0.7697397614E+002   0.7207888031E+002
   0.1200000000E+003   0.1400000000E+003   0.2428984642E+002   0.4759481812E+002   0.1969816017E+002   0.5147478485E+002   0.6885523987E+002
   0.1200000000E+003   0.1600000000E+003   0.3299772978E+001   0.3883937454E+002   0.1826312637E+002   0.3064227676E+002   0.5841891861E+002
   0.1200000000E+003   0.1800000000E+003   0.2624869049E+000   0.5347968292E+002   0.2527359962E+002   0.3993162155E+002   0.6459628296E+002
   0.1400000000E+003   0.0000000000E+000   0.2548500896E+000   0.3929002380E+002   0.2208692932E+002   0.1612354517E+001   0.6190105057E+002
   0.1400000000E+003   0.2000000000E+002   0.1071623230E+002   0.5057882309E+002   0.1579461002E+002   0.5284532928E+002   0.5897998047E+002
   0.1400000000E+003   0.4000000000E+002   0.2179648781E+002   0.3395441055E+002   0.1714914513E+002   0.3465612793E+002   0.6645325470E+002
   0.1400000000E+003   0.6000000000E+002   0.2644965363E+002   0.1442433929E+002   0.9800434113E+001   0.2626192474E+002   0.6679137421E+002
   0.1400000000E+003   0.8000000000E+002   0.1783135223E+002   0.3483530807E+002   0.8813368797E+001   0.3968411636E+002   0.5980485916E+002
   0.1400000000E+003   0.1000000000E+003   0.1768913651E+002   0.3446632385E+002   0.8608553886E+001   0.4104688644E+002   0.5958457565E+002
   0.1400000000E+003   0.1200000000E+003   0.2625479126E+002   0.1426852894E+002   0.1001599026E+002   0.2567889404E+002   0.6671569824E+002
   0.1400000000E+003   0.1400000000E+003   0.2136078453E+002   0.3365472794E+002   0.1720188713E+002   0.3388995743E+002   0.6622986603E+002
   0.1400000000E+003   0.1600000000E+003   0.1077158833E+002   0.4870027161E+002   0.1582905483E+002   0.5349538040E+002   0.5904233551E+002
   0.1400000000E+003   0.1800000000E+003   0.1953327209E+000   0.4135227585E+002   0.2177405357E+002   0.7053250670E+000   0.6161518478E+002
   0.1600000000E+003   0.0000000000E+000   0.8209338784E-001   0.1845308304E+002   0.1781312561E+002   0.7378503418E+002   0.5759892273E+002
   0.1600000000E+003   0.2000000000E+002   0.6070080280E+001   0.4272112846E+001   0.2334121513E+002   0.2912064743E+002   0.6365882874E+002
   0.1600000000E+003   0.4000000000E+002   0.1961304092E+002   0.3562295532E+002   0.1598071289E+002   0.2808592606E+002   0.6461553955E+002
   0.1600000000E+003   0.6000000000E+002   0.1471113682E+002   0.3748075867E+002   0.9401459694E+001   0.4219288635E+002   0.5719672394E+002
   0.1600000000E+003   0.8000000000E+002   0.1322165394E+002   0.5188689804E+002   0.4205926895E+001   0.6776673889E+002   0.5260105896E+002
   0.1600000000E+003   0.1000000000E+003   0.1310059357E+002   0.5114009857E+002   0.4229115486E+001   0.6919127655E+002   0.5244446564E+002
   0.1600000000E+003   0.1200000000E+003   0.1435537338E+002   0.3655310059E+002   0.9417967796E+001   0.4179032135E+002   0.5686212158E+002
   0.1600000000E+003   0.1400000000E+003   0.1930412865E+002   0.3501367950E+002   0.1575107288E+002   0.2883872414E+002   0.6430921936E+002
   0.1600000000E+003   0.1600000000E+003   0.6020415306E+001   0.3855008841E+001   0.2317154884E+002   0.2960980034E+002   0.6351175308E+002
   0.1600000000E+003   0.1800000000E+003   0.4429186881E-001   0.7500933075E+002   0.1781606293E+002   0.7468904877E+002   0.5760206604E+002
   0.1800000000E+003   0.0000000000E+000   0.1082921922E+000   0.1352499008E+002   0.1165221214E+002   0.6272380829E+002   0.4911078644E+002
   0.1800000000E+003   0.2000000000E+002   0.3962330818E+001   0.6415316010E+002   0.1095833588E+002   0.6253579712E+002   0.4911074066E+002
   0.1800000000E+003   0.4000000000E+002   0.7470603466E+001   0.6334178162E+002   0.8942887306E+001   0.6229063034E+002   0.4911073685E+002
   0.1800000000E+003   0.6000000000E+002   0.1007834625E+002   0.6302267838E+002   0.5849088192E+001   0.6183137131E+002   0.4911072159E+002
   0.1800000000E+003   0.8000000000E+002   0.1147070885E+002   0.6281499863E+002   0.2051348209E+001   0.5982921219E+002   0.4911074066E+002
   0.1800000000E+003   0.1000000000E+003   0.1147965431E+002   0.6263263321E+002   0.2000716448E+001   0.6569168091E+002   0.4911075211E+002
   0.1800000000E+003   0.1200000000E+003   0.1010407829E+002   0.6242546463E+002   0.5804517746E+001   0.6362301254E+002   0.4911071396E+002
   0.1800000000E+003   0.1400000000E+003   0.7510013103E+001   0.6210893631E+002   0.8909829140E+001   0.6315868759E+002   0.4911075211E+002
   0.1800000000E+003   0.1600000000E+003   0.4010684967E+001   0.6131161880E+002   0.1094071865E+002   0.6291223907E+002   0.4911072159E+002
   0.1800000000E+003   0.1800000000E+003   0.1082899272E+000   0.1352586937E+002   0.1165220928E+002   0.6272386932E+002   0.4911077881E+002
 "FarField Radiation"           2
   0.0000000000E+000   0.0000000000E+000   0.1082920730E+000   0.1352652073E+002   0.1165221119E+002   0.6272382736E+002   0.4911077881E+002
   0.0000000000E+000   0.4500000000E+002   0.8221499443E+001   0.6324214935E+002   0.8257864952E+001   0.6220766449E+002   0.4911075592E+002
   0.0000000000E+000   0.9000000000E+002   0.1165220928E+002   0.6272383499E+002   0.1082918048E+000   0.1352733612E+002   0.4911077881E+002
   0.0000000000E+000   0.1350000000E+003   0.8257864952E+001   0.6220766449E+002   0.8221499443E+001   0.6324214935E+002   0.4911075592E+002
   0.0000000000E+000   0.1800000000E+003   0.1082909033E+000   0.1352834511E+002   0.1165220928E+002   0.6272383881E+002   0.4911077881E+002
   0.0000000000E+000   0.2250000000E+003   0.8221497536E+001   0.6324215698E+002   0.8257867813E+001   0.6220766449E+002   0.4911075592E+002
   0.0000000000E+000   0.2700000000E+003   0.1165221119E+002   0.6272382736E+002   0.1082921922E+000   0.1352737045E+002   0.4911078644E+002
   0.0000000000E+000   0.3150000000E+003   0.8257865906E+001   0.6220764160E+002   0.8221496582E+001   0.6324213791E+002   0.4911075211E+002
   0.0000000000E+000   0.3600000000E+003   0.1082907990E+000   0.1352868652E+002   0.1165221310E+002   0.6272383118E+002   0.4911078644E+002
   0.4500000000E+002   0.0000000000E+000   0.3374768794E+000   0.2844351768E+002   0.1327899551E+002   0.6606305122E+001   0.5173012543E+002
   0.4500000000E+002   0.4500000000E+002   0.7723670959E+001   0.1673663902E+002   0.8085097313E+001   0.7137350082E+001   0.4828504944E+002
   0.4500000000E+002   0.9000000000E+002   0.1129490757E+002   0.5423807526E+002   0.4316836298E+000   0.1249429464E+001   0.4850163269E+002
   0.4500000000E+002   0.1350000000E+003   0.7416654587E+001   0.1690660286E+002   0.8222666740E+001   0.5708579063E+001   0.4809082031E+002
   0.4500000000E+002   0.1800000000E+003   0.3777108490E+000   0.1362468052E+002   0.1296943092E+002   0.5328830242E+001   0.5126037979E+002
   0.4500000000E+002   0.2250000000E+003   0.7658207893E+001   0.1660784721E+002   0.8093166351E+001   0.9521352768E+001   0.4821470261E+002
   0.4500000000E+002   0.2700000000E+003   0.1149898815E+002   0.5542763519E+002   0.3954839110E+000   0.3802285910E+001   0.4885700226E+002
   0.4500000000E+002   0.3150000000E+003   0.7374746799E+001   0.1958184624E+002   0.8155006409E+001   0.8625775337E+001   0.4794889450E+002
   0.4500000000E+002   0.3600000000E+003   0.3374734521E+000   0.2844320679E+002   0.1327899551E+002   0.6606355667E+001   0.5173012543E+002
   0.9000000000E+002   0.0000000000E+000   0.1498901803E-007   0.7223906040E+001   0.2230118179E+002   0.1269644833E+002   0.6209279633E+002
   0.9000000000E+002   0.4500000000E+002   0.2802918516E-005   0.3625956345E+002   0.2217025566E+002   0.3237726450E+001   0.6197502899E+002
   0.9000000000E+002   0.9000000000E+002   0.3456727200E-005   0.9684083939E+001   0.9398999065E-001   0.3217570114E+002  -0.4729133987E+002
   0.9000000000E+002   0.1350000000E+003   0.2782334832E-005   0.3489094162E+002   0.2191499901E+002   0.1271692395E+001   0.6174342728E+002
   0.9000000000E+002   0.1800000000E+003   0.4898891248E-007   0.8607503510E+002   0.2215059662E+002   0.1317705441E+002   0.6195728683E+002
   0.9000000000E+002   0.2250000000E+003   0.2794040711E-005   0.3550047684E+002   0.2199693108E+002   0.1910875082E+001   0.6181806183E+002
   0.9000000000E+002   0.2700000000E+003   0.3458349738E-005   0.1019510746E+002   0.6745142490E-001   0.2451598740E+002  -0.5392694855E+002
   0.9000000000E+002   0.3150000000E+003   0.2783721357E-005   0.3478702927E+002   0.2168249512E+002   0.9304102659E+000   0.6153010559E+002
   0.9000000000E+002   0.3600000000E+003   0.1499291713E-007   0.7220578671E+001   0.2230117226E+002   0.1269640541E+002   0.6209278488E+002
   0.1350000000E+003   0.0000000000E+000   0.3374768794E+000   0.2844351768E+002   0.1327899551E+002   0.6606305122E+001   0.5173012543E+002
   0.1350000000E+003   0.4500000000E+002   0.7723670959E+001   0.1673663902E+002   0.8085097313E+001   0.7137350082E+001   0.4828504944E+002
   0.1350000000E+003   0.9000000000E+002   0.1129490757E+002   0.5423807526E+002   0.4316836298E+000   0.1249429464E+001   0.4850163269E+002
   0.1350000000E+003   0.1350000000E+003   0.7416654587E+001   0.1690660286E+002   0.8222666740E+001   0.5708579063E+001   0.4809082031E+002
   0.1350000000E+003   0.1800000000E+003   0.3777108490E+000   0.1362468052E+002   0.1296943092E+002   0.5328830242E+001   0.5126037979E+002
   0.1350000000E+003   0.2250000000E+003   0.7658207893E+001   0.1660784721E+002   0.8093166351E+001   0.9521352768E+001   0.4821470261E+002
   0.1350000000E+003   0.2700000000E+003   0.1149898815E+002   0.5542763519E+002   0.3954839110E+000   0.3802285910E+001   0.4885700226E+002
   0.1350000000E+003   0.3150000000E+003   0.7374746799E+001   0.1958184624E+002   0.8155006409E+001   0.8625775337E+001   0.4794889450E+002
   0.1350000000E+003   0.3600000000E+003   0.3374734521E+000   0.2844320679E+002   0.1327899551E+002   0.6606355667E+001   0.5173012543E+002
   0.1800000000E+003   0.0000000000E+000   0.1082921922E+000   0.1352499008E+002   0.1165221214E+002   0.6272380829E+002   0.4911078644E+002
   0.1800000000E+003   0.4500000000E+002   0.8221491814E+001   0.6324211502E+002   0.8257868767E+001   0.6220774460E+002   0.4911075211E+002
   0.1800000000E+003   0.9000000000E+002   0.1165219975E+002   0.6272377777E+002   0.1082913205E+000   0.1352610493E+002   0.4911075974E+002
   0.1800000000E+003   0.1350000000E+003   0.8257873535E+001   0.6220774460E+002   0.8221495628E+001   0.6324214554E+002   0.4911075974E+002
   0.1800000000E+003   0.1800000000E+003   0.1082899272E+000   0.1352586937E+002   0.1165220928E+002   0.6272386932E+002   0.4911077881E+002
   0.1800000000E+003   0.2250000000E+003   0.8221493721E+001   0.6324208069E+002   0.8257870674E+001   0.6220768738E+002   0.4911075592E+002
   0.1800000000E+003   0.2700000000E+003   0.1165220261E+002   0.6272387695E+002   0.1082916483E+000   0.1352592659E+002   0.4911077118E+002
   0.1800000000E+003   0.3150000000E+003   0.8257863045E+001   0.6220767212E+002   0.8221492767E+001   0.6324218369E+002   0.4911074829E+002
   0.1800000000E+003   0.3600000000E+003   0.1082907021E+000   0.1352773571E+002   0.1165220737E+002   0.6272382736E+002   0.4911077499E+002
